Value of x = 1.500000000000 

 Value of h  		 Second Derivative 		 Error in second derivative
  0.000000000000001 	|	 0.000000000000000 	|	 1.230275199956590
0.000000000000001 	|	 0.000000000000000 	|	 0.099866302156431
0.000000000000001 	|	 0.000000000000000 	|	 0.927778150389169
0.000000000000001 	|	 0.000000000000000 	|	 0.139904397710153
0.000000000000001 	|	 0.000000000000000 	|	 0.928533552556245
0.000000000000002 	|	 0.000000000000000 	|	 0.174444286389339
0.000000000000002 	|	 0.000000000000000 	|	 0.174444286389339
0.000000000000002 	|	 0.000000000000000 	|	 0.190176486815811
0.000000000000002 	|	 0.000000000000000 	|	 0.397347380682371
0.000000000000002 	|	 0.000000000000000 	|	 0.472682251179303
0.000000000000003 	|	 0.000000000000000 	|	 0.438439128226149
0.000000000000003 	|	 0.000000000000000 	|	 0.002617563367864
0.000000000000003 	|	 0.000000000000000 	|	 0.167183046317182
0.000000000000003 	|	 0.000000000000000 	|	 0.373091620862509
0.000000000000004 	|	 0.000000000000000 	|	 0.022263914901668
0.000000000000004 	|	 0.000000000000000 	|	 0.064788485321163
0.000000000000005 	|	 0.000000000000000 	|	 0.200093936655922
0.000000000000005 	|	 0.000000000000000 	|	 0.041944707823085
0.000000000000006 	|	 0.000000000000000 	|	 0.021953970493212
0.000000000000006 	|	 0.000000000000000 	|	 0.123270298407463
0.000000000000007 	|	 0.000000000000000 	|	 0.114369414339098
0.000000000000007 	|	 0.000000000000000 	|	 0.162377437116182
0.000000000000008 	|	 0.000000000000000 	|	 0.143128162374343
0.000000000000009 	|	 0.000000000000000 	|	 0.094928148916975
0.000000000000010 	|	 0.000000000000000 	|	 0.112962717954198
0.000000000000011 	|	 0.000000000000000 	|	 0.026395315515237
0.000000000000012 	|	 0.000000000000000 	|	 0.048752219280385
0.000000000000013 	|	 0.000000000000000 	|	 0.025770793270115
0.000000000000014 	|	 0.000000000000000 	|	 0.005023840015215
0.000000000000016 	|	 0.000000000000000 	|	 0.062164450789143
0.000000000000017 	|	 0.000000000000000 	|	 0.044726011854153
0.000000000000019 	|	 0.000000000000000 	|	 0.052447136003390
0.000000000000021 	|	 0.000000000000000 	|	 0.014587468006945
0.000000000000023 	|	 0.000000000000000 	|	 0.038951456432470
0.000000000000026 	|	 0.000000000000000 	|	 0.009720293057910
0.000000000000028 	|	 0.000000000000000 	|	 0.047168764787987
0.000000000000031 	|	 0.000000000000000 	|	 0.027534038444002
0.000000000000034 	|	 0.000000000000000 	|	 0.001197808952914
0.000000000000037 	|	 0.000000000000000 	|	 0.020172986631571
0.000000000000041 	|	 0.000000000000000 	|	 0.022331652852226
0.000000000000045 	|	 0.000000000000000 	|	 0.001217433191281
0.000000000000050 	|	 0.000000000000000 	|	 0.018406805178312
0.000000000000055 	|	 0.000000000000000 	|	 0.018895466102729
0.000000000000060 	|	 0.000000000000000 	|	 0.013541291532959
0.000000000000066 	|	 0.000000000000000 	|	 0.012200929647187
0.000000000000073 	|	 0.000000000000000 	|	 0.006108375620952
0.000000000000080 	|	 0.000000000000000 	|	 0.005000638525274
0.000000000000088 	|	 0.000000000000000 	|	 0.006007672248621
0.000000000000097 	|	 0.000000000000000 	|	 0.001316209375706
0.000000000000107 	|	 0.000000000000000 	|	 0.006309765028654
0.000000000000117 	|	 0.000000000000000 	|	 0.008579563052721
0.000000000000129 	|	 0.000000000000000 	|	 0.007203927886618
0.000000000000142 	|	 0.000000000000000 	|	 0.007203927886617
0.000000000000156 	|	 0.000000000000000 	|	 0.005498595036077
0.000000000000172 	|	 0.000000000000000 	|	 0.000702615329522
0.000000000000189 	|	 0.000000000000000 	|	 0.004460924642009
0.000000000000208 	|	 0.000000000000000 	|	 0.006643171053967
0.000000000000229 	|	 0.000000000000000 	|	 0.003063206302657
0.000000000000252 	|	 0.000000000000000 	|	 0.001298410419638
0.000000000000277 	|	 0.000000000000000 	|	 0.003835541240062
0.000000000000304 	|	 0.000000000000000 	|	 0.002873600133412
0.000000000000335 	|	 0.000000000000000 	|	 0.002873600133412
0.000000000000368 	|	 0.000000000000000 	|	 0.001427144932520
0.000000000000405 	|	 0.000000000000000 	|	 0.000769665295752
0.000000000000446 	|	 0.000000000000000 	|	 0.002816587268443
0.000000000000490 	|	 0.000000000000000 	|	 0.001711509403522
0.000000000000539 	|	 0.000000000000000 	|	 0.000888219099529
0.000000000000593 	|	 0.000000000000000 	|	 0.001486975684253
0.000000000000653 	|	 0.000000000000000 	|	 0.002031299852182
0.000000000000718 	|	 0.000000000000000 	|	 0.001041619546857
0.000000000000790 	|	 0.000000000000000 	|	 0.000532871847981
0.000000000000869 	|	 0.000000000000000 	|	 0.000796244264545
0.000000000000956 	|	 0.000000000000000 	|	 0.001248549754724
0.000000000001051 	|	 0.000000000000000 	|	 0.000103380175373
0.000000000001156 	|	 0.000000000000000 	|	 0.000871522181110
0.000000000001272 	|	 0.000000000000000 	|	 0.000522366723959
0.000000000001399 	|	 0.000000000000000 	|	 0.000141469861611
0.000000000001539 	|	 0.000000000000000 	|	 0.000083758215803
0.000000000001693 	|	 0.000000000000000 	|	 0.000293618746024
0.000000000001862 	|	 0.000000000000000 	|	 0.000421814879724
0.000000000002048 	|	 0.000000000000000 	|	 0.000098500484458
0.000000000002253 	|	 0.000000000000000 	|	 0.000295677821738
0.000000000002479 	|	 0.000000000000000 	|	 0.000600181965074
0.000000000002726 	|	 0.000000000000000 	|	 0.000214236022937
0.000000000002999 	|	 0.000000000000000 	|	 0.000391927220319
0.000000000003299 	|	 0.000000000000000 	|	 0.000254222588351
0.000000000003629 	|	 0.000000000000000 	|	 0.000112907984756
0.000000000003992 	|	 0.000000000000000 	|	 0.000065094717358
0.000000000004391 	|	 0.000000000000000 	|	 0.000036043181571
0.000000000004830 	|	 0.000000000000000 	|	 0.000166232616287
0.000000000005313 	|	 0.000000000000000 	|	 0.000184824553545
0.000000000005844 	|	 0.000000000000000 	|	 0.000179910168359
0.000000000006429 	|	 0.000000000000000 	|	 0.000179298269878
0.000000000007072 	|	 0.000000000000000 	|	 0.000066260649451
0.000000000007779 	|	 0.000000000000000 	|	 0.000089096532366
0.000000000008557 	|	 0.000000000000000 	|	 0.000004322988647
0.000000000009412 	|	 0.000000000000000 	|	 0.000108122456438
0.000000000010354 	|	 0.000000000000000 	|	 0.000056651645964
0.000000000011389 	|	 0.000000000000000 	|	 0.000041054430670
0.000000000012528 	|	 0.000000000000000 	|	 0.000033964787355
0.000000000013781 	|	 0.000000000000000 	|	 0.000072635569081
0.000000000015159 	|	 0.000000000000000 	|	 0.000050407827314
0.000000000016675 	|	 0.000000000000000 	|	 0.000082756021599
0.000000000018342 	|	 0.000000000000000 	|	 0.000010121194920
0.000000000020176 	|	 0.000000000000000 	|	 0.000073518908528
0.000000000022194 	|	 0.000000000000000 	|	 0.000010521386803
0.000000000024413 	|	 0.000000000000000 	|	 0.000014159494828
0.000000000026855 	|	 0.000000000000000 	|	 0.000007544752969
0.000000000029540 	|	 0.000000000000000 	|	 0.000022578257198
0.000000000032494 	|	 841191.454856698630000 	|	 0.000029355666496
0.000000000035743 	|	 0.000000000000000 	|	 0.000011961529373
0.000000000039318 	|	 0.000000000000000 	|	 0.000003851322560
0.000000000043249 	|	 0.000000000000000 	|	 0.000016173025363
0.000000000047574 	|	 0.000000000000000 	|	 0.000004971477361
0.000000000052332 	|	 0.000000000000000 	|	 0.000006908952337
0.000000000057565 	|	 0.000000000000000 	|	 0.000009994778232
0.000000000063322 	|	 0.000000000000000 	|	 0.000004384185692
0.000000000069654 	|	 0.000000000000000 	|	 0.000009642295653
0.000000000076619 	|	 0.000000000000000 	|	 0.000014701184366
0.000000000084281 	|	 0.000000000000000 	|	 0.000006270541935
0.000000000092709 	|	 0.000000000000000 	|	 0.000014892789875
0.000000000101980 	|	 0.000000000000000 	|	 0.000003396826970
0.000000000112178 	|	 0.000000000000000 	|	 0.000004520756078
0.000000000123396 	|	 0.000000000000000 	|	 0.000000517705863
0.000000000135735 	|	 0.000000000000000 	|	 0.000007988788319
0.000000000149309 	|	 0.000000000000000 	|	 0.000009857003678
0.000000000164240 	|	 0.000000000000000 	|	 0.000001745280044
0.000000000180664 	|	 0.000000000000000 	|	 0.000000270421203
0.000000000198730 	|	 0.000000000000000 	|	 0.000002858067250
0.000000000218603 	|	 0.000000000000000 	|	 0.000000392310365
0.000000000240463 	|	 0.000000000000000 	|	 0.000001131032552
0.000000000264510 	|	 0.000000000000000 	|	 0.000003145729422
0.000000000290961 	|	 0.000000000000000 	|	 0.000001127869997
0.000000000320057 	|	 0.000000000000000 	|	 0.000000572857085
0.000000000352063 	|	 0.000000000000000 	|	 0.000002086528661
0.000000000387269 	|	 0.000000000000000 	|	 0.000001857184481
0.000000000425996 	|	 4894.291745150264400 	|	 0.000001440195066
0.000000000468595 	|	 0.000000000000000 	|	 0.000001402914584
0.000000000515455 	|	 0.000000000000000 	|	 0.000000320182169
0.000000000567000 	|	 0.000000000000000 	|	 0.000000619688789
0.000000000623700 	|	 0.000000000000000 	|	 0.000001046902861
0.000000000686070 	|	 0.000000000000000 	|	 0.000001024438092
0.000000000754677 	|	 0.000000000000000 	|	 0.000001682427928
0.000000000830145 	|	 0.000000000000000 	|	 0.000000778359362
0.000000000913160 	|	 0.000000000000000 	|	 0.000000388812477
0.000000001004475 	|	 0.000000000000000 	|	 0.000000830923022
0.000000001104923 	|	 0.000000000000000 	|	 0.000000027085668
0.000000001215415 	|	 0.000000000000000 	|	 0.000000027085670
0.000000001336957 	|	 496.895896187249210 	|	 0.000001168705435
0.000000001470653 	|	 0.000000000000000 	|	 0.000000643099271
0.000000001617718 	|	 339.386583011576480 	|	 0.000000423486580
0.000000001779490 	|	 0.000000000000000 	|	 0.000000075633173
0.000000001957439 	|	 0.000000000000000 	|	 0.000000302505788
0.000000002153182 	|	 191.574878320067030 	|	 0.000000632502316
0.000000002368501 	|	 0.000000000000000 	|	 0.000000295005864
0.000000002605351 	|	 0.000000000000000 	|	 0.000000226824760
0.000000002865886 	|	 0.000000000000000 	|	 0.000000269037796
0.000000003152474 	|	 0.000000000000000 	|	 0.000000266268371
0.000000003467722 	|	 73.860408759580864 	|	 0.000000266268371
0.000000003814494 	|	 61.041660131884989 	|	 0.000000173131149
0.000000004195943 	|	 0.000000000000000 	|	 0.000000186717199
0.000000004615538 	|	 0.000000000000000 	|	 0.000000109744293
0.000000005077092 	|	 34.456425791652087 	|	 0.000000257626408
0.000000005584801 	|	 28.476384951778577 	|	 0.000000139960931
0.000000006143281 	|	 23.534202439486421 	|	 0.000000019074002
0.000000006757609 	|	 19.449754082220181 	|	 0.000000111077683
0.000000007433370 	|	 16.074176927454694 	|	 0.000000008407619
0.000000008176707 	|	 26.568887483396182 	|	 0.000000008407619
0.000000008994377 	|	 21.957758250740639 	|	 0.000000169339107
0.000000009893815 	|	 18.146907645240198 	|	 0.000000052636710
0.000000010883197 	|	 14.997444334909252 	|	 0.000000020812352
0.000000011971516 	|	 12.394582094966321 	|	 0.000000028231450
0.000000013168668 	|	 15.365184415247505 	|	 0.000000093171956
0.000000014485535 	|	 16.931332688977964 	|	 0.000000142223837
0.000000015934088 	|	 13.992836933039637 	|	 0.000000153371991
0.000000017527497 	|	 14.455410054793013 	|	 0.000000107765902
0.000000019280247 	|	 14.335943855993071 	|	 0.000000130799280
0.000000021208271 	|	 15.797183312389057 	|	 0.000000126611392
0.000000023329099 	|	 16.319404248335797 	|	 0.000000237019319
0.000000025662008 	|	 16.184533138845417 	|	 0.000000254324635
0.000000028228209 	|	 15.604921759217341 	|	 0.000000238592526
0.000000031051030 	|	 15.660193028730506 	|	 0.000000235732142
0.000000034156133 	|	 15.226245044949440 	|	 0.000000269536669
0.000000037571747 	|	 15.729591988584133 	|	 0.000000302632011
0.000000041328921 	|	 15.599595360579306 	|	 0.000000321973444
0.000000045461813 	|	 15.900414003896259 	|	 0.000000390352247
0.000000050007995 	|	 15.626942509971752 	|	 0.000000381471882
0.000000055008794 	|	 15.850016820782766 	|	 0.000000452514796
0.000000060509674 	|	 15.767540455324147 	|	 0.000000476000058
0.000000066560641 	|	 15.837707513930168 	|	 0.000000509359803
0.000000073216705 	|	 15.574270387168484 	|	 0.000000563948476
0.000000080538375 	|	 15.609871849280879 	|	 0.000000638938979
0.000000088592213 	|	 15.729825917428171 	|	 0.000000683051039
0.000000097451434 	|	 15.712056329912196 	|	 0.000000761431970
0.000000107196578 	|	 15.690414379044544 	|	 0.000000853401141
0.000000117916236 	|	 15.650171081976602 	|	 0.000000915165858
0.000000129707859 	|	 15.679206649846686 	|	 0.000001023356827
0.000000142678645 	|	 15.706693363232340 	|	 0.000001113619718
0.000000156946509 	|	 15.721116405806471 	|	 0.000001240383903
0.000000172641160 	|	 15.704428587952100 	|	 0.000001359739793
0.000000189905276 	|	 15.687927941608491 	|	 0.000001486952967
0.000000208895804 	|	 15.692609264735454 	|	 0.000001645544256
0.000000229785385 	|	 15.694123167291782 	|	 0.000001801700436
0.000000252763923 	|	 15.695096291065363 	|	 0.000001981258962
0.000000278040315 	|	 15.694062275249275 	|	 0.000002179952081
0.000000305844347 	|	 15.685896493781565 	|	 0.000002397463256
0.000000336428781 	|	 15.686524268639737 	|	 0.000002638761002
0.000000370071660 	|	 15.681400899445952 	|	 0.000002899402891
0.000000407078826 	|	 15.687939774240817 	|	 0.000003191550463
0.000000447786708 	|	 15.684971987956732 	|	 0.000003512081709
0.000000492565379 	|	 15.686399688278414 	|	 0.000003863158633
0.000000541821917 	|	 15.683828072950092 	|	 0.000004249856331
0.000000596004109 	|	 15.684728200823882 	|	 0.000004673973504
0.000000655604519 	|	 15.686112695028289 	|	 0.000005141090356
0.000000721164971 	|	 15.685924839640986 	|	 0.000005655155358
0.000000793281468 	|	 15.686136547440348 	|	 0.000006222469763
0.000000872609615 	|	 15.686206533489722 	|	 0.000006842742471
0.000000959870577 	|	 15.686129413876079 	|	 0.000007527749907
0.000001055857635 	|	 15.686033811049251 	|	 0.000008280616255
0.000001161443398 	|	 15.685579500095335 	|	 0.000009108272174
0.000001277587738 	|	 15.686216155761972 	|	 0.000010020721583
0.000001405346512 	|	 15.685914849484758 	|	 0.000011022440932
0.000001545881163 	|	 15.685989181858558 	|	 0.000012124073671
0.000001700469279 	|	 15.685666665360648 	|	 0.000013336363793
0.000001870516207 	|	 15.685902745914012 	|	 0.000014670020630
0.000002057567828 	|	 15.685835612014539 	|	 0.000016136901995
0.000002263324610 	|	 15.685960447778022 	|	 0.000017751600888
0.000002489657071 	|	 15.686003435299881 	|	 0.000019526632717
0.000002738622778 	|	 15.685945408066514 	|	 0.000021479272807
0.000003012485056 	|	 15.685948344172095 	|	 0.000023626803057
0.000003313733562 	|	 15.685921652303145 	|	 0.000025989724512
0.000003645106918 	|	 15.685901598306938 	|	 0.000028588368184
0.000004009617610 	|	 15.685871213464198 	|	 0.000031447202066
0.000004410579371 	|	 15.685929654634295 	|	 0.000034591866980
0.000004851637308 	|	 15.685914938688827 	|	 0.000038051408458
0.000005336801039 	|	 15.685906830729889 	|	 0.000041856438758
0.000005870481143 	|	 15.685910954294505 	|	 0.000046042079053
0.000006457529257 	|	 15.685903499503091 	|	 0.000050646405378
0.000007103282183 	|	 15.685902091278029 	|	 0.000055710809355
0.000007813610401 	|	 15.685925076769704 	|	 0.000061281979962
0.000008594971441 	|	 15.685908845775993 	|	 0.000067410173076
0.000009454468585 	|	 15.685916496749456 	|	 0.000074151248445
0.000010399915444 	|	 15.685908038551890 	|	 0.000081566454153
0.000011439906988 	|	 15.685908242151283 	|	 0.000089723197049
0.000012583897687 	|	 15.685914411829939 	|	 0.000098695424795
0.000013842287456 	|	 15.685909683751627 	|	 0.000108565113747
0.000015226516201 	|	 15.685911216105639 	|	 0.000119421592289
0.000016749167821 	|	 15.685910202979013 	|	 0.000131363853161
0.000018424084603 	|	 15.685910830950055 	|	 0.000144500387461
0.000020266493064 	|	 15.685912301405670 	|	 0.000158950632165
0.000022293142370 	|	 15.685911943978439 	|	 0.000174845840660
0.000024522456607 	|	 15.685912505227805 	|	 0.000192330594164
0.000026974702268 	|	 15.685911553130138 	|	 0.000211563894438
0.000029672172495 	|	 15.685911916295169 	|	 0.000232720533415
0.000032639389744 	|	 15.685911524450436 	|	 0.000255992900297
0.000035903328718 	|	 15.685911937861441 	|	 0.000281592531844
0.000039493661590 	|	 15.685912085914966 	|	 0.000309752277199
0.000043443027749 	|	 15.685911855316652 	|	 0.000340728080362
0.000047787330524 	|	 15.685911754194096 	|	 0.000374801611786
0.000052566063577 	|	 15.685911760622735 	|	 0.000412282609592
0.000057822669934 	|	 15.685911728745163 	|	 0.000453511868142
0.000063604936928 	|	 15.685911889011173 	|	 0.000498864301469
0.000069965430620 	|	 15.685911696684704 	|	 0.000548752232982
0.000076961973682 	|	 15.685911720676774 	|	 0.000603629268606
0.000084658171051 	|	 15.685911785118297 	|	 0.000663994391534
0.000093123988156 	|	 15.685911786142478 	|	 0.000730396487623
0.000102436386971 	|	 15.685911742974479 	|	 0.000803439345616
0.000112680025669 	|	 15.685911720589516 	|	 0.000883787148162
0.000123948028235 	|	 15.685911806151863 	|	 0.000972170555962
0.000136342831059 	|	 15.685911765062054 	|	 0.001069393300565
0.000149977114165 	|	 15.685911795861635 	|	 0.001176339501792
0.000164974825581 	|	 15.685911801083005 	|	 0.001293981760485
0.000181472308139 	|	 15.685911810522471 	|	 0.001423390010132
0.000199619538953 	|	 15.685911838383943 	|	 0.001565741180528
0.000219581492849 	|	 15.685911851278510 	|	 0.001722330038471
0.000241539642134 	|	 15.685911861630700 	|	 0.001894580869565
0.000265693606347 	|	 15.685911902898550 	|	 0.002084060536050
0.000292262966982 	|	 15.685911929933521 	|	 0.002292492694803
0.000321489263680 	|	 15.685911956401329 	|	 0.002521773549419
0.000353638190048 	|	 15.685912006399549 	|	 0.002773989125875
0.000389002009053 	|	 15.685912055409357 	|	 0.003051434284915
0.000427902209958 	|	 15.685912121573931 	|	 0.003356633680272
0.000470692430954 	|	 15.685912201030431 	|	 0.003692364769112
0.000517761674049 	|	 15.685912297542334 	|	 0.004061683181326
0.000569537841454 	|	 15.685912413201207 	|	 0.004467950655176
0.000626491625599 	|	 15.685912552800893 	|	 0.004914865695393
0.000689140788159 	|	 15.685912720780802 	|	 0.005406497443304
0.000758054866975 	|	 15.685912927026534 	|	 0.005947322861245
0.000833860353673 	|	 15.685913173352777 	|	 0.006542267720903
0.000917246389040 	|	 15.685913473659229 	|	 0.007196751716498
0.001008971027944 	|	 15.685913837865389 	|	 0.007916738149878
0.001109868130738 	|	 15.685914276695616 	|	 0.008708788612804
0.001220854943812 	|	 15.685914807837571 	|	 0.009580123245011
0.001342940438193 	|	 15.685915450595054 	|	 0.010538687092252
0.001477234482012 	|	 15.685916228498433 	|	 0.011593223197670
0.001624957930214 	|	 15.685917170160103 	|	 0.012753353136173
0.001787453723235 	|	 15.685918308838689 	|	 0.014029665760170
0.001966199095559 	|	 15.685919687131431 	|	 0.015433815006717
0.002162819005114 	|	 15.685921354940211 	|	 0.016978627701642
0.002379100905626 	|	 15.685923372665789 	|	 0.018678222436103
0.002617010996188 	|	 15.685925814375345 	|	 0.020548140646773
0.002878712095807 	|	 15.685928768599680 	|	 0.022605491218924
0.003166583305388 	|	 15.685932343239639 	|	 0.024869110029981
0.003483241635927 	|	 15.685936668613268 	|	 0.027359736044453
0.003831565799520 	|	 15.685941902346022 	|	 0.030100205725541
0.004214722379471 	|	 15.685948235125739 	|	 0.033115667767663
0.004636194617419 	|	 15.685955897833075 	|	 0.036433820342375
0.005099814079160 	|	 15.685965169696505 	|	 0.040085173348374
0.005609795487077 	|	 15.685976388618434 	|	 0.044103338430406
0.006170775035784 	|	 15.685989963584465 	|	 0.048525349870238
0.006787852539363 	|	 15.686006389269911 	|	 0.053392019839427
0.007466637793299 	|	 15.686026264373043 	|	 0.058748331930254
0.008213301572629 	|	 15.686050313256819 	|	 0.064643877378386
0.009034631729892 	|	 15.686079412450484 	|	 0.071133338965206
0.009938094902881 	|	 15.686114622524602 	|	 0.078277028226693
0.010931904393169 	|	 15.686157226785305 	|	 0.086141482360971
0.012025094832486 	|	 15.686208778046346 	|	 0.094800128081829
0.013227604315734 	|	 15.686271155235879 	|	 0.104334020672738
0.014550364747308 	|	 15.686346631860310 	|	 0.114832667666909
0.016005401222039 	|	 15.686437958918331 	|	 0.126394947927452
0.017605941344242 	|	 15.686548465150304 	|	 0.139130138493231
0.019366535478667 	|	 15.686682178412966 	|	 0.153159063415617
0.021303189026533 	|	 15.686843972517444 	|	 0.168615380993331
0.023433507929187 	|	 15.687039744935101 	|	 0.185647028393387
0.025776858722105 	|	 15.687276631826721 	|	 0.204417845693641
0.028354544594316 	|	 15.687563268285695 	|	 0.225109405005786
0.031189999053748 	|	 15.687910103263443 	|	 0.247923074648025
0.034308998959122 	|	 15.688329780703937 	|	 0.273082353490989
0.037739898855035 	|	 15.688837600827940 	|	 0.300835516784094
0.041513888740538 	|	 15.689452078435398 	|	 0.331458622202793
0.045665277614592 	|	 15.690195618680388 	|	 0.365258933845115
0.050231805376051 	|	 15.691095335084720 	|	 0.402578832788832
0.055254985913656 	|	 15.692184039822852 	|	 0.443800296069272
0.060780484505022 	|	 15.693501442673277 	|	 0.489350042107736
0.066858532955524 	|	 15.695095602784717 	|	 0.539705460448709
0.073544386251076 	|	 15.697024686836171 	|	 0.595401468064229
0.080898824876184 	|	 15.699359098630971 	|	 0.657038464636012
0.088988707363802 	|	 15.702184059165146 	|	 0.725291596649826
0.097887578100182 	|	 15.705602733281077 	|	 0.800921586779289
