Value of x = 1.500000000000 

 Value of h  		 First Derivative (forward formulae) 		 Error in forward formula 		  First Derivative (central formulae) 		 Error in central formula 
  0.000000000000001 	|	 12.434497875801751 		|	 1.230275199956590 		|		 12.434497875801751 		|		 1.230275199956590
0.000000000000001 	|	 11.304088978001593 		|	 0.099866302156431 		|		 11.304088978001593 		|		 0.099866302156431
0.000000000000001 	|	 10.276444525455993 		|	 0.927778150389169 		|		 10.276444525455993 		|		 0.927778150389169
0.000000000000001 	|	 11.344127073555315 		|	 0.139904397710153 		|		 11.344127073555315 		|		 0.139904397710153
0.000000000000001 	|	 12.132756228401407 		|	 0.928533552556245 		|		 12.132756228401407 		|		 0.928533552556245
0.000000000000002 	|	 11.029778389455823 		|	 0.174444286389339 		|		 11.029778389455823 		|		 0.174444286389339
0.000000000000002 	|	 11.029778389455823 		|	 0.174444286389339 		|		 11.029778389455823 		|		 0.174444286389339
0.000000000000002 	|	 11.394399162660973 		|	 0.190176486815811 		|		 11.394399162660973 		|		 0.190176486815811
0.000000000000002 	|	 11.601570056527533 		|	 0.397347380682371 		|		 11.601570056527533 		|		 0.397347380682371
0.000000000000002 	|	 11.676904927024465 		|	 0.472682251179303 		|		 11.676904927024465 		|		 0.472682251179303
0.000000000000003 	|	 11.642661804071311 		|	 0.438439128226149 		|		 11.642661804071311 		|		 0.438439128226149
0.000000000000003 	|	 11.206840239213026 		|	 0.002617563367864 		|		 11.206840239213026 		|		 0.002617563367864
0.000000000000003 	|	 11.037039629527980 		|	 0.167183046317182 		|		 11.037039629527980 		|		 0.167183046317182
0.000000000000003 	|	 11.577314296707671 		|	 0.373091620862509 		|		 11.577314296707671 		|		 0.373091620862509
0.000000000000004 	|	 11.226486590746831 		|	 0.022263914901668 		|		 11.226486590746831 		|		 0.022263914901668
0.000000000000004 	|	 11.269011161166326 		|	 0.064788485321163 		|		 11.269011161166326 		|		 0.064788485321163
0.000000000000005 	|	 11.404316612501084 		|	 0.200093936655922 		|		 11.404316612501084 		|		 0.200093936655922
0.000000000000005 	|	 11.246167383668247 		|	 0.041944707823085 		|		 11.246167383668247 		|		 0.041944707823085
0.000000000000006 	|	 11.182268705351950 		|	 0.021953970493212 		|		 11.182268705351950 		|		 0.021953970493212
0.000000000000006 	|	 11.327492974252625 		|	 0.123270298407463 		|		 11.327492974252625 		|		 0.123270298407463
0.000000000000007 	|	 11.089853261506065 		|	 0.114369414339098 		|		 11.089853261506065 		|		 0.114369414339098
0.000000000000007 	|	 11.041845238728980 		|	 0.162377437116182 		|		 11.041845238728980 		|		 0.162377437116182
0.000000000000008 	|	 11.347350838219505 		|	 0.143128162374343 		|		 11.347350838219505 		|		 0.143128162374343
0.000000000000009 	|	 11.109294526928187 		|	 0.094928148916975 		|		 11.109294526928187 		|		 0.094928148916975
0.000000000000010 	|	 11.091259957890964 		|	 0.112962717954198 		|		 11.091259957890964 		|		 0.112962717954198
0.000000000000011 	|	 11.230617991360399 		|	 0.026395315515237 		|		 11.230617991360399 		|		 0.026395315515237
0.000000000000012 	|	 11.252974895125547 		|	 0.048752219280385 		|		 11.252974895125547 		|		 0.048752219280385
0.000000000000013 	|	 11.178451882575047 		|	 0.025770793270115 		|		 11.178451882575047 		|		 0.025770793270115
0.000000000000014 	|	 11.209246515860377 		|	 0.005023840015215 		|		 11.209246515860377 		|		 0.005023840015215
0.000000000000016 	|	 11.142058225056019 		|	 0.062164450789143 		|		 11.142058225056019 		|		 0.062164450789143
0.000000000000017 	|	 11.248948687699315 		|	 0.044726011854153 		|		 11.248948687699315 		|		 0.044726011854153
0.000000000000019 	|	 11.151775539841772 		|	 0.052447136003390 		|		 11.151775539841772 		|		 0.052447136003390
0.000000000000021 	|	 11.189635207838217 		|	 0.014587468006945 		|		 11.189635207838217 		|		 0.014587468006945
0.000000000000023 	|	 11.243174132277632 		|	 0.038951456432470 		|		 11.243174132277632 		|		 0.038951456432470
0.000000000000026 	|	 11.194502382787253 		|	 0.009720293057910 		|		 11.194502382787253 		|		 0.009720293057910
0.000000000000028 	|	 11.251391440633149 		|	 0.047168764787987 		|		 11.251391440633149 		|		 0.047168764787987
0.000000000000031 	|	 11.176688637401160 		|	 0.027534038444002 		|		 11.176688637401160 		|		 0.027534038444002
0.000000000000034 	|	 11.205420484798076 		|	 0.001197808952914 		|		 11.205420484798076 		|		 0.001197808952914
0.000000000000037 	|	 11.184049689213591 		|	 0.020172986631571 		|		 11.184049689213591 		|		 0.020172986631571
0.000000000000041 	|	 11.181891022992936 		|	 0.022331652852226 		|		 11.181891022992936 		|		 0.022331652852226
0.000000000000045 	|	 11.205440109036443 		|	 0.001217433191281 		|		 11.205440109036443 		|		 0.001217433191281
0.000000000000050 	|	 11.185815870666850 		|	 0.018406805178312 		|		 11.185815870666850 		|		 0.018406805178312
0.000000000000055 	|	 11.223118141947891 		|	 0.018895466102729 		|		 11.223118141947891 		|		 0.018895466102729
0.000000000000060 	|	 11.190681384312203 		|	 0.013541291532959 		|		 11.190681384312203 		|		 0.013541291532959
0.000000000000066 	|	 11.192021746197975 		|	 0.012200929647187 		|		 11.192021746197975 		|		 0.012200929647187
0.000000000000073 	|	 11.198114300224210 		|	 0.006108375620952 		|		 11.198114300224210 		|		 0.006108375620952
0.000000000000080 	|	 11.199222037319888 		|	 0.005000638525274 		|		 11.199222037319888 		|		 0.005000638525274
0.000000000000088 	|	 11.198215003596541 		|	 0.006007672248621 		|		 11.198215003596541 		|		 0.006007672248621
0.000000000000097 	|	 11.205538885220868 		|	 0.001316209375706 		|		 11.205538885220868 		|		 0.001316209375706
0.000000000000107 	|	 11.210532440873816 		|	 0.006309765028654 		|		 11.210532440873816 		|		 0.006309765028654
0.000000000000117 	|	 11.212802238897883 		|	 0.008579563052721 		|		 11.212802238897883 		|		 0.008579563052721
0.000000000000129 	|	 11.211426603731780 		|	 0.007203927886618 		|		 11.211426603731780 		|		 0.007203927886618
0.000000000000142 	|	 11.211426603731779 		|	 0.007203927886617 		|		 11.211426603731779 		|		 0.007203927886617
0.000000000000156 	|	 11.209721270881239 		|	 0.005498595036077 		|		 11.209721270881239 		|		 0.005498595036077
0.000000000000172 	|	 11.203520060515640 		|	 0.000702615329522 		|		 11.203520060515640 		|		 0.000702615329522
0.000000000000189 	|	 11.199761751203154 		|	 0.004460924642009 		|		 11.199761751203154 		|		 0.004460924642009
0.000000000000208 	|	 11.210865846899129 		|	 0.006643171053967 		|		 11.210865846899129 		|		 0.006643171053967
0.000000000000229 	|	 11.201159469542505 		|	 0.003063206302657 		|		 11.201159469542505 		|		 0.003063206302657
0.000000000000252 	|	 11.202924265425525 		|	 0.001298410419638 		|		 11.202924265425525 		|		 0.001298410419638
0.000000000000277 	|	 11.208058217085224 		|	 0.003835541240062 		|		 11.208058217085224 		|		 0.003835541240062
0.000000000000304 	|	 11.201349075711750 		|	 0.002873600133412 		|		 11.201349075711750 		|		 0.002873600133412
0.000000000000335 	|	 11.201349075711750 		|	 0.002873600133412 		|		 11.201349075711750 		|		 0.002873600133412
0.000000000000368 	|	 11.202795530912642 		|	 0.001427144932520 		|		 11.202795530912642 		|		 0.001427144932520
0.000000000000405 	|	 11.203453010549410 		|	 0.000769665295752 		|		 11.203453010549410 		|		 0.000769665295752
0.000000000000446 	|	 11.207039263113606 		|	 0.002816587268443 		|		 11.207039263113606 		|		 0.002816587268443
0.000000000000490 	|	 11.202511166441640 		|	 0.001711509403522 		|		 11.202511166441640 		|		 0.001711509403522
0.000000000000539 	|	 11.203334456745633 		|	 0.000888219099529 		|		 11.203334456745633 		|		 0.000888219099529
0.000000000000593 	|	 11.202735700160909 		|	 0.001486975684253 		|		 11.202735700160909 		|		 0.001486975684253
0.000000000000653 	|	 11.202191375992980 		|	 0.002031299852182 		|		 11.202191375992980 		|		 0.002031299852182
0.000000000000718 	|	 11.203181056298305 		|	 0.001041619546857 		|		 11.203181056298305 		|		 0.001041619546857
0.000000000000790 	|	 11.204755547693143 		|	 0.000532871847981 		|		 11.204755547693143 		|		 0.000532871847981
0.000000000000869 	|	 11.203426431580617 		|	 0.000796244264545 		|		 11.203426431580617 		|		 0.000796244264545
0.000000000000956 	|	 11.205471225599887 		|	 0.001248549754724 		|		 11.205471225599887 		|		 0.001248549754724
0.000000000001051 	|	 11.204119295669789 		|	 0.000103380175373 		|		 11.204119295669789 		|		 0.000103380175373
0.000000000001156 	|	 11.203351153664052 		|	 0.000871522181110 		|		 11.203351153664052 		|		 0.000871522181110
0.000000000001272 	|	 11.203700309121203 		|	 0.000522366723959 		|		 11.203700309121203 		|		 0.000522366723959
0.000000000001399 	|	 11.204081205983551 		|	 0.000141469861611 		|		 11.204081205983551 		|		 0.000141469861611
0.000000000001539 	|	 11.204138917629360 		|	 0.000083758215803 		|		 11.204138917629360 		|		 0.000083758215803
0.000000000001693 	|	 11.203929057099138 		|	 0.000293618746024 		|		 11.203929057099138 		|		 0.000293618746024
0.000000000001862 	|	 11.204644490724887 		|	 0.000421814879724 		|		 11.204644490724887 		|		 0.000421814879724
0.000000000002048 	|	 11.204124175360704 		|	 0.000098500484458 		|		 11.204124175360704 		|		 0.000098500484458
0.000000000002253 	|	 11.204518353666900 		|	 0.000295677821738 		|		 11.204518353666900 		|		 0.000295677821738
0.000000000002479 	|	 11.203622493880088 		|	 0.000600181965074 		|		 11.203622493880088 		|		 0.000600181965074
0.000000000002726 	|	 11.204436911868099 		|	 0.000214236022937 		|		 11.204436911868099 		|		 0.000214236022937
0.000000000002999 	|	 11.204614603065481 		|	 0.000391927220319 		|		 11.204614603065481 		|		 0.000391927220319
0.000000000003299 	|	 11.203968453256811 		|	 0.000254222588351 		|		 11.203968453256811 		|		 0.000254222588351
0.000000000003629 	|	 11.204335583829918 		|	 0.000112907984756 		|		 11.204335583829918 		|		 0.000112907984756
0.000000000003992 	|	 11.204157581127804 		|	 0.000065094717358 		|		 11.204157581127804 		|		 0.000065094717358
0.000000000004391 	|	 11.204258719026733 		|	 0.000036043181571 		|		 11.204258719026733 		|		 0.000036043181571
0.000000000004830 	|	 11.204056443228875 		|	 0.000166232616287 		|		 11.204056443228875 		|		 0.000166232616287
0.000000000005313 	|	 11.204407500398707 		|	 0.000184824553545 		|		 11.204407500398707 		|		 0.000184824553545
0.000000000005844 	|	 11.204042765676803 		|	 0.000179910168359 		|		 11.204042765676803 		|		 0.000179910168359
0.000000000006429 	|	 11.204401974115040 		|	 0.000179298269878 		|		 11.204401974115040 		|		 0.000179298269878
0.000000000007072 	|	 11.204288936494613 		|	 0.000066260649451 		|		 11.204288936494613 		|		 0.000066260649451
0.000000000007779 	|	 11.204311772377528 		|	 0.000089096532366 		|		 11.204311772377528 		|		 0.000089096532366
0.000000000008557 	|	 11.204218352856515 		|	 0.000004322988647 		|		 11.204218352856515 		|		 0.000004322988647
0.000000000009412 	|	 11.204114553388724 		|	 0.000108122456438 		|		 11.204114553388724 		|		 0.000108122456438
0.000000000010354 	|	 11.204166024199198 		|	 0.000056651645964 		|		 11.204166024199198 		|		 0.000056651645964
0.000000000011389 	|	 11.204181621414492 		|	 0.000041054430670 		|		 11.204181621414492 		|		 0.000041054430670
0.000000000012528 	|	 11.204188711057807 		|	 0.000033964787355 		|		 11.204188711057807 		|		 0.000033964787355
0.000000000013781 	|	 11.204150040276081 		|	 0.000072635569081 		|		 11.204150040276081 		|		 0.000072635569081
0.000000000015159 	|	 11.204273083672476 		|	 0.000050407827314 		|		 11.204273083672476 		|		 0.000050407827314
0.000000000016675 	|	 11.204139919823563 		|	 0.000082756021599 		|		 11.204139919823563 		|		 0.000082756021599
0.000000000018342 	|	 11.204212554650242 		|	 0.000010121194920 		|		 11.204212554650242 		|		 0.000010121194920
0.000000000020176 	|	 11.204296194753690 		|	 0.000073518908528 		|		 11.204296194753690 		|		 0.000073518908528
0.000000000022194 	|	 11.204212154458359 		|	 0.000010521386803 		|		 11.204212154458359 		|		 0.000010521386803
0.000000000024413 	|	 11.204208516350334 		|	 0.000014159494828 		|		 11.204208516350334 		|		 0.000014159494828
0.000000000026855 	|	 11.204215131092193 		|	 0.000007544752969 		|		 11.204215131092193 		|		 0.000007544752969
0.000000000029540 	|	 11.204200097587965 		|	 0.000022578257198 		|		 11.204200097587965 		|		 0.000022578257198
0.000000000032494 	|	 11.204252031511658 		|	 0.000029355666496 		|		 11.204238364689633 		|		 0.000015688844471
0.000000000035743 	|	 11.204234637374535 		|	 0.000011961529373 		|		 11.204234637374535 		|		 0.000011961529373
0.000000000039318 	|	 11.204218824522602 		|	 0.000003851322560 		|		 11.204218824522602 		|		 0.000003851322560
0.000000000043249 	|	 11.204206502819799 		|	 0.000016173025363 		|		 11.204206502819799 		|		 0.000016173025363
0.000000000047574 	|	 11.204217704367801 		|	 0.000004971477361 		|		 11.204217704367801 		|		 0.000004971477361
0.000000000052332 	|	 11.204229584797499 		|	 0.000006908952337 		|		 11.204229584797499 		|		 0.000006908952337
0.000000000057565 	|	 11.204232670623394 		|	 0.000009994778232 		|		 11.204232670623394 		|		 0.000009994778232
0.000000000063322 	|	 11.204227060030854 		|	 0.000004384185692 		|		 11.204227060030854 		|		 0.000004384185692
0.000000000069654 	|	 11.204213033549509 		|	 0.000009642295653 		|		 11.204213033549509 		|		 0.000009642295653
0.000000000076619 	|	 11.204237377029528 		|	 0.000014701184366 		|		 11.204237377029528 		|		 0.000014701184366
0.000000000084281 	|	 11.204228946387097 		|	 0.000006270541935 		|		 11.204228946387097 		|		 0.000006270541935
0.000000000092709 	|	 11.204237568635037 		|	 0.000014892789875 		|		 11.204237568635037 		|		 0.000014892789875
0.000000000101980 	|	 11.204219279018192 		|	 0.000003396826970 		|		 11.204219279018192 		|		 0.000003396826970
0.000000000112178 	|	 11.204227196601240 		|	 0.000004520756078 		|		 11.204227196601240 		|		 0.000004520756078
0.000000000123396 	|	 11.204222158139299 		|	 0.000000517705863 		|		 11.204222158139299 		|		 0.000000517705863
0.000000000135735 	|	 11.204230664633481 		|	 0.000007988788319 		|		 11.204230664633481 		|		 0.000007988788319
0.000000000149309 	|	 11.204212818841484 		|	 0.000009857003678 		|		 11.204212818841484 		|		 0.000009857003678
0.000000000164240 	|	 11.204220930565118 		|	 0.000001745280044 		|		 11.204220930565118 		|		 0.000001745280044
0.000000000180664 	|	 11.204222405423959 		|	 0.000000270421203 		|		 11.204222405423959 		|		 0.000000270421203
0.000000000198730 	|	 11.204225533912412 		|	 0.000002858067250 		|		 11.204225533912412 		|		 0.000002858067250
0.000000000218603 	|	 11.204222283534797 		|	 0.000000392310365 		|		 11.204222283534797 		|		 0.000000392310365
0.000000000240463 	|	 11.204221544812610 		|	 0.000001131032552 		|		 11.204221544812610 		|		 0.000001131032552
0.000000000264510 	|	 11.204219530115740 		|	 0.000003145729422 		|		 11.204219530115740 		|		 0.000003145729422
0.000000000290961 	|	 11.204223803715159 		|	 0.000001127869997 		|		 11.204223803715159 		|		 0.000001127869997
0.000000000320057 	|	 11.204223248702247 		|	 0.000000572857085 		|		 11.204223248702247 		|		 0.000000572857085
0.000000000352063 	|	 11.204224762373823 		|	 0.000002086528661 		|		 11.204224762373823 		|		 0.000002086528661
0.000000000387269 	|	 11.204224533029643 		|	 0.000001857184481 		|		 11.204224533029643 		|		 0.000001857184481
0.000000000425996 	|	 11.204224116040228 		|	 0.000001440195066 		|		 11.204223073566689 		|		 0.000000397721527
0.000000000468595 	|	 11.204221272930578 		|	 0.000001402914584 		|		 11.204221272930578 		|		 0.000001402914584
0.000000000515455 	|	 11.204222996027331 		|	 0.000000320182169 		|		 11.204222996027331 		|		 0.000000320182169
0.000000000567000 	|	 11.204222056156373 		|	 0.000000619688789 		|		 11.204222056156373 		|		 0.000000619688789
0.000000000623700 	|	 11.204221628942301 		|	 0.000001046902861 		|		 11.204221628942301 		|		 0.000001046902861
0.000000000686070 	|	 11.204223700283254 		|	 0.000001024438092 		|		 11.204223700283254 		|		 0.000001024438092
0.000000000754677 	|	 11.204220993417234 		|	 0.000001682427928 		|		 11.204220993417234 		|		 0.000001682427928
0.000000000830145 	|	 11.204223454204524 		|	 0.000000778359362 		|		 11.204223454204524 		|		 0.000000778359362
0.000000000913160 	|	 11.204222287032685 		|	 0.000000388812477 		|		 11.204222287032685 		|		 0.000000388812477
0.000000001004475 	|	 11.204221844922140 		|	 0.000000830923022 		|		 11.204221844922140 		|		 0.000000830923022
0.000000001104923 	|	 11.204222648759494 		|	 0.000000027085668 		|		 11.204222648759494 		|		 0.000000027085668
0.000000001215415 	|	 11.204222648759492 		|	 0.000000027085670 		|		 11.204222648759492 		|		 0.000000027085670
0.000000001336957 	|	 11.204223844550597 		|	 0.000001168705435 		|		 11.204223512386401 		|		 0.000000836541239
0.000000001470653 	|	 11.204222032745891 		|	 0.000000643099271 		|		 11.204222032745891 		|		 0.000000643099271
0.000000001617718 	|	 11.204222252358582 		|	 0.000000423486580 		|		 11.204221977842717 		|		 0.000000698002445
0.000000001779490 	|	 11.204222751478335 		|	 0.000000075633173 		|		 11.204222751478335 		|		 0.000000075633173
0.000000001957439 	|	 11.204222978350950 		|	 0.000000302505788 		|		 11.204222978350950 		|		 0.000000302505788
0.000000002153182 	|	 11.204223308347478 		|	 0.000000632502316 		|		 11.204223102099647 		|		 0.000000426254485
0.000000002368501 	|	 11.204222970851026 		|	 0.000000295005864 		|		 11.204222970851026 		|		 0.000000295005864
0.000000002605351 	|	 11.204222902669922 		|	 0.000000226824760 		|		 11.204222902669922 		|		 0.000000226824760
0.000000002865886 	|	 11.204222406807366 		|	 0.000000269037796 		|		 11.204222406807366 		|		 0.000000269037796
0.000000003152474 	|	 11.204222942113534 		|	 0.000000266268371 		|		 11.204222942113534 		|		 0.000000266268371
0.000000003467722 	|	 11.204222942113534 		|	 0.000000266268371 		|		 11.204222814049857 		|		 0.000000138204694
0.000000003814494 	|	 11.204222848976311 		|	 0.000000173131149 		|		 11.204222732554786 		|		 0.000000056709624
0.000000004195943 	|	 11.204222489127963 		|	 0.000000186717199 		|		 11.204222489127963 		|		 0.000000186717199
0.000000004615538 	|	 11.204222566100869 		|	 0.000000109744293 		|		 11.204222566100869 		|		 0.000000109744293
0.000000005077092 	|	 11.204222933471570 		|	 0.000000257626408 		|		 11.204222846002356 		|		 0.000000170157194
0.000000005584801 	|	 11.204222535884231 		|	 0.000000139960931 		|		 11.204222456366763 		|		 0.000000219478399
0.000000006143281 	|	 11.204222694919164 		|	 0.000000019074002 		|		 11.204222622630558 		|		 0.000000053214604
0.000000006757609 	|	 11.204222786922845 		|	 0.000000111077683 		|		 11.204222721205930 		|		 0.000000045360768
0.000000007433370 	|	 11.204222667437543 		|	 0.000000008407619 		|		 11.204222607694893 		|		 0.000000068150269
0.000000008176707 	|	 11.204222667437543 		|	 0.000000008407619 		|		 11.204222558814543 		|		 0.000000117030619
0.000000008994377 	|	 11.204222845184269 		|	 0.000000169339107 		|		 11.204222746436086 		|		 0.000000070590924
0.000000009893815 	|	 11.204222728481872 		|	 0.000000052636710 		|		 11.204222638710796 		|		 0.000000037134366
0.000000010883197 	|	 11.204222655032810 		|	 0.000000020812352 		|		 11.204222573422742 		|		 0.000000102422420
0.000000011971516 	|	 11.204222647613712 		|	 0.000000028231450 		|		 11.204222573422740 		|		 0.000000102422422
0.000000013168668 	|	 11.204222769017118 		|	 0.000000093171956 		|		 11.204222667847612 		|		 0.000000007997550
0.000000014485535 	|	 11.204222818068999 		|	 0.000000142223837 		|		 11.204222695439295 		|		 0.000000019594133
0.000000015934088 	|	 11.204222829217153 		|	 0.000000153371991 		|		 11.204222717735604 		|		 0.000000041890442
0.000000017527497 	|	 11.204222783611064 		|	 0.000000107765902 		|		 11.204222656927486 		|		 0.000000018917676
0.000000019280247 	|	 11.204222806644442 		|	 0.000000130799280 		|		 11.204222668444174 		|		 0.000000007400988
0.000000021208271 	|	 11.204222802456554 		|	 0.000000126611392 		|		 11.204222634941079 		|		 0.000000040904083
0.000000023329099 	|	 11.204222912864481 		|	 0.000000237019319 		|		 11.204222722505985 		|		 0.000000046660823
0.000000025662008 	|	 11.204222930169797 		|	 0.000000254324635 		|		 11.204222722505984 		|		 0.000000046660822
0.000000028228209 	|	 11.204222914437688 		|	 0.000000238592526 		|		 11.204222694188191 		|		 0.000000018343029
0.000000031051030 	|	 11.204222911577304 		|	 0.000000235732142 		|		 11.204222668444741 		|		 0.000000007400421
0.000000034156133 	|	 11.204222945381831 		|	 0.000000269536669 		|		 11.204222685347004 		|		 0.000000009501842
0.000000037571747 	|	 11.204222978477173 		|	 0.000000302632011 		|		 11.204222682983051 		|		 0.000000007137889
0.000000041328921 	|	 11.204222997818606 		|	 0.000000321973444 		|		 11.204222675461383 		|		 0.000000000383780
0.000000045461813 	|	 11.204223066197409 		|	 0.000000390352247 		|		 11.204222704766583 		|		 0.000000028921420
0.000000050007995 	|	 11.204223057317044 		|	 0.000000381471882 		|		 11.204222666581016 		|		 0.000000009264146
0.000000055008794 	|	 11.204223128359958 		|	 0.000000452514796 		|		 11.204222692414803 		|		 0.000000016569640
0.000000060509674 	|	 11.204223151845220 		|	 0.000000476000058 		|		 11.204222674800857 		|		 0.000000001044305
0.000000066560641 	|	 11.204223185204965 		|	 0.000000509359803 		|		 11.204222658120983 		|		 0.000000017724179
0.000000073216705 	|	 11.204223239793638 		|	 0.000000563948476 		|		 11.204222669645258 		|		 0.000000006199904
0.000000080538375 	|	 11.204223314784141 		|	 0.000000638938979 		|		 11.204222686187281 		|		 0.000000010342119
0.000000088592213 	|	 11.204223358896201 		|	 0.000000683051039 		|		 11.204222662126156 		|		 0.000000013719006
0.000000097451434 	|	 11.204223437277133 		|	 0.000000761431970 		|		 11.204222671695920 		|		 0.000000004149242
0.000000107196578 	|	 11.204223529246303 		|	 0.000000853401141 		|		 11.204222688266940 		|		 0.000000012421778
0.000000117916236 	|	 11.204223591011020 		|	 0.000000915165858 		|		 11.204222668306391 		|		 0.000000007538771
0.000000129707859 	|	 11.204223699201989 		|	 0.000001023356827 		|		 11.204222682343826 		|		 0.000000006498664
0.000000142678645 	|	 11.204223789464880 		|	 0.000001113619718 		|		 11.204222668960018 		|		 0.000000006885144
0.000000156946509 	|	 11.204223916229065 		|	 0.000001240383903 		|		 11.204222682541893 		|		 0.000000006696731
0.000000172641160 	|	 11.204224035584955 		|	 0.000001359739793 		|		 11.204222679969567 		|		 0.000000004124404
0.000000189905276 	|	 11.204224162798129 		|	 0.000001486952967 		|		 11.204222673187981 		|		 0.000000002657181
0.000000208895804 	|	 11.204224321389418 		|	 0.000001645544256 		|		 11.204222682329302 		|		 0.000000006484140
0.000000229785385 	|	 11.204224477545598 		|	 0.000001801700436 		|		 11.204222674405536 		|		 0.000000001439627
0.000000252763923 	|	 11.204224657104124 		|	 0.000001981258962 		|		 11.204222673527068 		|		 0.000000002318094
0.000000278040315 	|	 11.204224855797243 		|	 0.000002179952081 		|		 11.204222674006230 		|		 0.000000001838932
0.000000305844347 	|	 11.204225073308418 		|	 0.000002397463256 		|		 11.204222674587035 		|		 0.000000001258127
0.000000336428781 	|	 11.204225314606164 		|	 0.000002638761002 		|		 11.204222675907042 		|		 0.000000000061880
0.000000370071660 	|	 11.204225575248053 		|	 0.000002899402891 		|		 11.204222673627024 		|		 0.000000002218138
0.000000407078826 	|	 11.204225867395625 		|	 0.000003191550463 		|		 11.204222674281574 		|		 0.000000001563588
0.000000447786708 	|	 11.204226187926871 		|	 0.000003512081709 		|		 11.204222676165884 		|		 0.000000000320722
0.000000492565379 	|	 11.204226539003795 		|	 0.000003863158633 		|		 11.204222675715091 		|		 0.000000000130071
0.000000541821917 	|	 11.204226925701493 		|	 0.000004249856331 		|		 11.204222676780597 		|		 0.000000000935435
0.000000596004109 	|	 11.204227349818666 		|	 0.000004673973504 		|		 11.204222675737443 		|		 0.000000000107719
0.000000655604519 	|	 11.204227816935518 		|	 0.000005141090356 		|		 11.204222674992330 		|		 0.000000000852832
0.000000721164971 	|	 11.204228331000520 		|	 0.000005655155358 		|		 11.204222674930751 		|		 0.000000000914411
0.000000793281468 	|	 11.204228898314925 		|	 0.000006222469763 		|		 11.204222676554208 		|		 0.000000000709046
0.000000872609615 	|	 11.204229518587633 		|	 0.000006842742471 		|		 11.204222674620308 		|		 0.000000001224854
0.000000959870577 	|	 11.204230203595069 		|	 0.000007527749907 		|		 11.204222675268024 		|		 0.000000000577138
0.000001055857635 	|	 11.204230956461418 		|	 0.000008280616255 		|		 11.204222675352140 		|		 0.000000000493022
0.000001161443398 	|	 11.204231784117336 		|	 0.000009108272174 		|		 11.204222675160960 		|		 0.000000000684202
0.000001277587738 	|	 11.204232696566745 		|	 0.000010020721583 		|		 11.204222676308039 		|		 0.000000000462877
0.000001405346512 	|	 11.204233698286094 		|	 0.000011022440932 		|		 11.204222676213238 		|		 0.000000000368076
0.000001545881163 	|	 11.204234799918833 		|	 0.000012124073671 		|		 11.204222675581237 		|		 0.000000000263925
0.000001700469279 	|	 11.204236012208955 		|	 0.000013336363793 		|		 11.204222675711813 		|		 0.000000000133349
0.000001870516207 	|	 11.204237345865792 		|	 0.000014670020630 		|		 11.204222675498139 		|		 0.000000000347023
0.000002057567828 	|	 11.204238812747157 		|	 0.000016136901995 		|		 11.204222675411806 		|		 0.000000000433356
0.000002263324610 	|	 11.204240427446051 		|	 0.000017751600888 		|		 11.204222676235892 		|		 0.000000000390730
0.000002489657071 	|	 11.204242202477879 		|	 0.000019526632717 		|		 11.204222676093192 		|		 0.000000000248030
0.000002738622778 	|	 11.204244155117969 		|	 0.000021479272807 		|		 11.204222676174270 		|		 0.000000000329108
0.000003012485056 	|	 11.204246302648219 		|	 0.000023626803057 		|		 11.204222675805729 		|		 0.000000000039433
0.000003313733562 	|	 11.204248665569674 		|	 0.000025989724512 		|		 11.204222676087159 		|		 0.000000000241997
0.000003645106918 	|	 11.204251264213346 		|	 0.000028588368184 		|		 11.204222675819128 		|		 0.000000000026034
0.000004009617610 	|	 11.204254123047228 		|	 0.000031447202066 		|		 11.204222675874506 		|		 0.000000000029344
0.000004410579371 	|	 11.204257267712142 		|	 0.000034591866980 		|		 11.204222675693268 		|		 0.000000000151894
0.000004851637308 	|	 11.204260727253621 		|	 0.000038051408458 		|		 11.204222676068555 		|		 0.000000000223393
0.000005336801039 	|	 11.204264532283920 		|	 0.000041856438758 		|		 11.204222676001985 		|		 0.000000000156823
0.000005870481143 	|	 11.204268717924215 		|	 0.000046042079053 		|		 11.204222676001983 		|		 0.000000000156821
0.000006457529257 	|	 11.204273322250540 		|	 0.000050646405378 		|		 11.204222676160155 		|		 0.000000000314993
0.000007103282183 	|	 11.204278386654517 		|	 0.000055710809355 		|		 11.204222675960095 		|		 0.000000000114933
0.000007813610401 	|	 11.204283957825124 		|	 0.000061281979962 		|		 11.204222675971460 		|		 0.000000000126298
0.000008594971441 	|	 11.204290086018238 		|	 0.000067410173076 		|		 11.204222676048960 		|		 0.000000000203798
0.000009454468585 	|	 11.204296827093607 		|	 0.000074151248445 		|		 11.204222676091234 		|		 0.000000000246072
0.000010399915444 	|	 11.204304242299315 		|	 0.000081566454153 		|		 11.204222676240686 		|		 0.000000000395524
0.000011439906988 	|	 11.204312399042211 		|	 0.000089723197049 		|		 11.204222676376554 		|		 0.000000000531392
0.000012583897687 	|	 11.204321371269957 		|	 0.000098695424795 		|		 11.204222676298915 		|		 0.000000000453753
0.000013842287456 	|	 11.204331240958910 		|	 0.000108565113747 		|		 11.204222676523488 		|		 0.000000000678326
0.000015226516201 	|	 11.204342097437451 		|	 0.000119421592289 		|		 11.204222676546820 		|		 0.000000000701658
0.000016749167821 	|	 11.204354039698323 		|	 0.000131363853161 		|		 11.204222676727113 		|		 0.000000000881951
0.000018424084603 	|	 11.204367176232623 		|	 0.000144500387461 		|		 11.204222676958508 		|		 0.000000001113346
0.000020266493064 	|	 11.204381626477327 		|	 0.000158950632165 		|		 11.204222677260899 		|		 0.000000001415737
0.000022293142370 	|	 11.204397521685822 		|	 0.000174845840660 		|		 11.204222677551737 		|		 0.000000001706575
0.000024522456607 	|	 11.204415006439326 		|	 0.000192330594164 		|		 11.204222677884951 		|		 0.000000002039789
0.000026974702268 	|	 11.204434239739600 		|	 0.000211563894438 		|		 11.204222678342626 		|		 0.000000002497464
0.000029672172495 	|	 11.204455396378577 		|	 0.000232720533415 		|		 11.204222678836521 		|		 0.000000002991359
0.000032639389744 	|	 11.204478668745459 		|	 0.000255992900297 		|		 11.204222679455590 		|		 0.000000003610428
0.000035903328718 	|	 11.204504268377006 		|	 0.000281592531844 		|		 11.204222680150730 		|		 0.000000004305568
0.000039493661590 	|	 11.204532428122361 		|	 0.000309752277199 		|		 11.204222681070533 		|		 0.000000005225371
0.000043443027749 	|	 11.204563403925524 		|	 0.000340728080362 		|		 11.204222682173523 		|		 0.000000006328361
0.000047787330524 	|	 11.204597477456948 		|	 0.000374801611786 		|		 11.204222683532164 		|		 0.000000007687002
0.000052566063577 	|	 11.204634958454754 		|	 0.000412282609592 		|		 11.204222685137323 		|		 0.000000009292161
0.000057822669934 	|	 11.204676187713304 		|	 0.000453511868142 		|		 11.204222687065048 		|		 0.000000011219886
0.000063604936928 	|	 11.204721540146631 		|	 0.000498864301469 		|		 11.204222689428454 		|		 0.000000013583292
0.000069965430620 	|	 11.204771428078145 		|	 0.000548752232982 		|		 11.204222692294879 		|		 0.000000016449717
0.000076961973682 	|	 11.204826305113768 		|	 0.000603629268606 		|		 11.204222695751252 		|		 0.000000019906090
0.000084658171051 	|	 11.204886670236696 		|	 0.000663994391534 		|		 11.204222699935201 		|		 0.000000024090039
0.000093123988156 	|	 11.204953072332785 		|	 0.000730396487623 		|		 11.204222705001092 		|		 0.000000029155930
0.000102436386971 	|	 11.205026115190778 		|	 0.000803439345616 		|		 11.204222711128127 		|		 0.000000035282965
0.000112680025669 	|	 11.205106462993324 		|	 0.000883787148162 		|		 11.204222718525669 		|		 0.000000042680507
0.000123948028235 	|	 11.205194846401124 		|	 0.000972170555962 		|		 11.204222727481401 		|		 0.000000051636239
0.000136342831059 	|	 11.205292069145727 		|	 0.001069393300565 		|		 11.204222738336833 		|		 0.000000062491671
0.000149977114165 	|	 11.205399015346954 		|	 0.001176339501792 		|		 11.204222751454861 		|		 0.000000075609699
0.000164974825581 	|	 11.205516657605648 		|	 0.001293981760485 		|		 11.204222767323914 		|		 0.000000091478752
0.000181472308139 	|	 11.205646065855294 		|	 0.001423390010132 		|		 11.204222786544531 		|		 0.000000110699368
0.000199619538953 	|	 11.205788417025691 		|	 0.001565741180528 		|		 11.204222809781070 		|		 0.000000133935908
0.000219581492849 	|	 11.205945005883633 		|	 0.001722330038471 		|		 11.204222837913134 		|		 0.000000162067972
0.000241539642134 	|	 11.206117256714727 		|	 0.001894580869565 		|		 11.204222871945928 		|		 0.000000196100766
0.000265693606347 	|	 11.206306736381212 		|	 0.002084060536050 		|		 11.204222913130051 		|		 0.000000237284889
0.000292262966982 	|	 11.206515168539966 		|	 0.002292492694803 		|		 11.204222962959738 		|		 0.000000287114576
0.000321489263680 	|	 11.206744449394581 		|	 0.002521773549419 		|		 11.204223023252077 		|		 0.000000347406914
0.000353638190048 	|	 11.206996664971037 		|	 0.002773989125875 		|		 11.204223096205441 		|		 0.000000420360279
0.000389002009053 	|	 11.207274110130077 		|	 0.003051434284915 		|		 11.204223184478389 		|		 0.000000508633227
0.000427902209958 	|	 11.207579309525434 		|	 0.003356633680272 		|		 11.204223291294420 		|		 0.000000615449258
0.000470692430954 	|	 11.207915040614274 		|	 0.003692364769112 		|		 11.204223420541460 		|		 0.000000744696298
0.000517761674049 	|	 11.208284359026488 		|	 0.004061683181326 		|		 11.204223576921407 		|		 0.000000901076245
0.000569537841454 	|	 11.208690626500339 		|	 0.004467950655176 		|		 11.204223766151815 		|		 0.000001090306653
0.000626491625599 	|	 11.209137541540555 		|	 0.004914865695393 		|		 11.204223995113450 		|		 0.000001319268288
0.000689140788159 	|	 11.209629173288466 		|	 0.005406497443304 		|		 11.204224272160769 		|		 0.000001596315606
0.000758054866975 	|	 11.210169998706407 		|	 0.005947322861245 		|		 11.204224607387768 		|		 0.000001931542606
0.000833860353673 	|	 11.210764943566065 		|	 0.006542267720903 		|		 11.204225013012861 		|		 0.000002337167699
0.000917246389040 	|	 11.211419427561660 		|	 0.007196751716498 		|		 11.204225503815408 		|		 0.000002827970246
0.001008971027944 	|	 11.212139413995040 		|	 0.007916738149878 		|		 11.204226097690425 		|		 0.000003421845263
0.001109868130738 	|	 11.212931464457967 		|	 0.008708788612804 		|		 11.204226816279368 		|		 0.000004140434206
0.001220854943812 	|	 11.213802799090173 		|	 0.009580123245011 		|		 11.204227685769492 		|		 0.000005009924330
0.001342940438193 	|	 11.214761362937415 		|	 0.010538687092252 		|		 11.204228737853073 		|		 0.000006062007911
0.001477234482012 	|	 11.215815899042832 		|	 0.011593223197670 		|		 11.204230010875484 		|		 0.000007335030322
0.001624957930214 	|	 11.216976028981335 		|	 0.012753353136173 		|		 11.204231551232171 		|		 0.000008875387009
0.001787453723235 	|	 11.218252341605332 		|	 0.014029665760170 		|		 11.204233415063586 		|		 0.000010739218424
0.001966199095559 	|	 11.219656490851879 		|	 0.015433815006717 		|		 11.204235670300957 		|		 0.000012994455795
0.002162819005114 	|	 11.221201303546804 		|	 0.016978627701642 		|		 11.204238399137207 		|		 0.000015723292045
0.002379100905626 	|	 11.222900898281265 		|	 0.018678222436103 		|		 11.204241701030522 		|		 0.000019025185360
0.002617010996188 	|	 11.224770816491935 		|	 0.020548140646773 		|		 11.204245696321125 		|		 0.000023020475963
0.002878712095807 	|	 11.226828167064086 		|	 0.022605491218924 		|		 11.204250530624018 		|		 0.000027854778856
0.003166583305388 	|	 11.229091785875143 		|	 0.024869110029981 		|		 11.204256380131369 		|		 0.000033704286207
0.003483241635927 	|	 11.231582411889615 		|	 0.027359736044453 		|		 11.204263458038302 		|		 0.000040782193140
0.003831565799520 	|	 11.234322881570703 		|	 0.030100205725541 		|		 11.204272022307563 		|		 0.000049346462401
0.004214722379471 	|	 11.237338343612825 		|	 0.033115667767663 		|		 11.204282385077915 		|		 0.000059709232753
0.004636194617419 	|	 11.240656496187537 		|	 0.036433820342375 		|		 11.204294924036237 		|		 0.000072248191075
0.005099814079160 	|	 11.244307849193536 		|	 0.040085173348374 		|		 11.204310096184717 		|		 0.000087420339555
0.005609795487077 	|	 11.248326014275568 		|	 0.044103338430406 		|		 11.204328454497938 		|		 0.000105778652776
0.006170775035784 	|	 11.252748025715400 		|	 0.048525349870238 		|		 11.204350668075977 		|		 0.000127992230815
0.006787852539363 	|	 11.257614695684589 		|	 0.053392019839427 		|		 11.204377546533658 		|		 0.000154870688496
0.007466637793299 	|	 11.262971007775416 		|	 0.058748331930254 		|		 11.204410069509294 		|		 0.000187393664132
0.008213301572629 	|	 11.268866553223548 		|	 0.064643877378386 		|		 11.204449422370445 		|		 0.000226746525283
0.009034631729892 	|	 11.275356014810368 		|	 0.071133338965206 		|		 11.204497039421707 		|		 0.000274363576545
0.009938094902881 	|	 11.282499704071855 		|	 0.078277028226693 		|		 11.204554656183797 		|		 0.000331980338635
0.010931904393169 	|	 11.290364158206133 		|	 0.086141482360971 		|		 11.204624372656417 		|		 0.000401696811255
0.012025094832486 	|	 11.299022803926992 		|	 0.094800128081829 		|		 11.204708729867903 		|		 0.000486054022741
0.013227604315734 	|	 11.308556696517901 		|	 0.104334020672738 		|		 11.204810802502511 		|		 0.000588126657349
0.014550364747308 	|	 11.319055343512071 		|	 0.114832667666909 		|		 11.204934310988936 		|		 0.000711635143774
0.016005401222039 	|	 11.330617623772614 		|	 0.126394947927452 		|		 11.205083757134062 		|		 0.000861081288900
0.017605941344242 	|	 11.343352814338393 		|	 0.139130138493231 		|		 11.205264588252867 		|		 0.001041912407704
0.019366535478667 	|	 11.357381739260779 		|	 0.153159063415617 		|		 11.205483395785377 		|		 0.001260719940215
0.021303189026533 	|	 11.372838056838493 		|	 0.168615380993331 		|		 11.205748155650356 		|		 0.001525479805194
0.023433507929187 	|	 11.389869704238549 		|	 0.185647028393387 		|		 11.206068519114348 		|		 0.001845843269186
0.025776858722105 	|	 11.408640521538803 		|	 0.204417845693641 		|		 11.206456164802210 		|		 0.002233488957048
0.028354544594316 	|	 11.429332080850948 		|	 0.225109405005786 		|		 11.206925224717569 		|		 0.002702548872407
0.031189999053748 	|	 11.452145750493187 		|	 0.247923074648025 		|		 11.207492799855157 		|		 0.003270124009995
0.034308998959122 	|	 11.477305029336151 		|	 0.273082353490989 		|		 11.208179584277882 		|		 0.003956908432720
0.037739898855035 	|	 11.505058192629257 		|	 0.300835516784094 		|		 11.209010620525103 		|		 0.004787944679940
0.041513888740538 	|	 11.535681298047955 		|	 0.331458622202793 		|		 11.210016214055869 		|		 0.005793538210707
0.045665277614592 	|	 11.569481609690277 		|	 0.365258933845115 		|		 11.211233040313131 		|		 0.007010364467969
0.050231805376051 	|	 11.606801508633994 		|	 0.402578832788832 		|		 11.212705485129476 		|		 0.008482809284314
0.055254985913656 	|	 11.648022971914434 		|	 0.443800296069272 		|		 11.214487267876979 		|		 0.010264592031817
0.060780484505022 	|	 11.693572717952899 		|	 0.489350042107736 		|		 11.216643407319928 		|		 0.012420731474766
0.066858532955524 	|	 11.743928136293871 		|	 0.539705460448709 		|		 11.219252602994430 		|		 0.015029927149268
0.073544386251076 	|	 11.799624143909391 		|	 0.595401468064229 		|		 11.222410120628711 		|		 0.018187444783549
0.080898824876184 	|	 11.861261140481174 		|	 0.657038464636012 		|		 11.226231289286938 		|		 0.022008613441776
0.088988707363802 	|	 11.929514272494988 		|	 0.725291596649826 		|		 11.230855741388183 		|		 0.026633065543021
0.097887578100182 	|	 12.005144262624452 		|	 0.800921586779289 		|		 11.236452555542206 		|		 0.032229879697044
