2.000000 	 2.000000 	 0.360590 	 0.810923
2.000000 	 3.000000 	 0.469439 	 0.615371
2.000000 	 4.000000 	 0.593527 	 0.481351
2.000000 	 5.000000 	 0.721632 	 0.377089
2.000000 	 6.000000 	 0.842138 	 0.289206
2.000000 	 7.000000 	 0.945377 	 0.215091
2.000000 	 8.000000 	 1.027239 	 0.155058
2.000000 	 9.000000 	 1.088202 	 0.108081
2.000000 	 10.000000 	 1.131018 	 0.071861
2.000000 	 11.000000 	 1.158893 	 0.043613
2.000000 	 12.000000 	 1.174490 	 0.020541
2.000000 	 13.000000 	 1.179498 	 0.000000
2.000000 	 14.000000 	 1.174490 	 -0.020541
2.000000 	 15.000000 	 1.158893 	 -0.043613
2.000000 	 16.000000 	 1.131018 	 -0.071861
2.000000 	 17.000000 	 1.088202 	 -0.108081
2.000000 	 18.000000 	 1.027239 	 -0.155058
2.000000 	 19.000000 	 0.945377 	 -0.215091
2.000000 	 20.000000 	 0.842138 	 -0.289206
2.000000 	 21.000000 	 0.721632 	 -0.377089
2.000000 	 22.000000 	 0.593527 	 -0.481351
2.000000 	 23.000000 	 0.469439 	 -0.615371
2.000000 	 24.000000 	 0.360590 	 -0.810923
3.000000 	 2.000000 	 0.455929 	 1.031348
3.000000 	 3.000000 	 0.556044 	 0.839055
3.000000 	 4.000000 	 0.678606 	 0.682254
3.000000 	 5.000000 	 0.809128 	 0.543617
3.000000 	 6.000000 	 0.929565 	 0.416289
3.000000 	 7.000000 	 1.025734 	 0.305647
3.000000 	 8.000000 	 1.095810 	 0.216999
3.000000 	 9.000000 	 1.143904 	 0.149192
3.000000 	 10.000000 	 1.175376 	 0.098119
3.000000 	 11.000000 	 1.194761 	 0.059088
3.000000 	 12.000000 	 1.205206 	 0.027701
3.000000 	 13.000000 	 1.208496 	 0.000000
3.000000 	 14.000000 	 1.205206 	 -0.027701
3.000000 	 15.000000 	 1.194761 	 -0.059088
3.000000 	 16.000000 	 1.175376 	 -0.098119
3.000000 	 17.000000 	 1.143904 	 -0.149192
3.000000 	 18.000000 	 1.095810 	 -0.216999
3.000000 	 19.000000 	 1.025734 	 -0.305647
3.000000 	 20.000000 	 0.929565 	 -0.416289
3.000000 	 21.000000 	 0.809128 	 -0.543617
3.000000 	 22.000000 	 0.678606 	 -0.682254
3.000000 	 23.000000 	 0.556044 	 -0.839055
3.000000 	 24.000000 	 0.455929 	 -1.031348
4.000000 	 2.000000 	 0.555712 	 1.194545
4.000000 	 3.000000 	 0.660181 	 1.026416
4.000000 	 4.000000 	 0.795286 	 0.863589
4.000000 	 5.000000 	 0.941784 	 0.696991
4.000000 	 6.000000 	 1.067330 	 0.526358
4.000000 	 7.000000 	 1.148825 	 0.375226
4.000000 	 8.000000 	 1.196046 	 0.259051
4.000000 	 9.000000 	 1.221577 	 0.174147
4.000000 	 10.000000 	 1.234741 	 0.112632
4.000000 	 11.000000 	 1.241238 	 0.067056
4.000000 	 12.000000 	 1.244165 	 0.031228
4.000000 	 13.000000 	 1.244998 	 0.000000
4.000000 	 14.000000 	 1.244165 	 -0.031228
4.000000 	 15.000000 	 1.241238 	 -0.067056
4.000000 	 16.000000 	 1.234741 	 -0.112632
4.000000 	 17.000000 	 1.221577 	 -0.174147
4.000000 	 18.000000 	 1.196046 	 -0.259051
4.000000 	 19.000000 	 1.148825 	 -0.375226
4.000000 	 20.000000 	 1.067330 	 -0.526358
4.000000 	 21.000000 	 0.941784 	 -0.696991
4.000000 	 22.000000 	 0.795286 	 -0.863589
4.000000 	 23.000000 	 0.660181 	 -1.026416
4.000000 	 24.000000 	 0.555712 	 -1.194545
5.000000 	 2.000000 	 0.646703 	 1.343277
5.000000 	 3.000000 	 0.774436 	 1.207541
5.000000 	 4.000000 	 0.949103 	 1.045323
5.000000 	 5.000000 	 1.144548 	 0.848699
5.000000 	 6.000000 	 1.286707 	 0.615973
5.000000 	 7.000000 	 1.329811 	 0.412273
5.000000 	 8.000000 	 1.331187 	 0.271442
5.000000 	 9.000000 	 1.318621 	 0.176440
5.000000 	 10.000000 	 1.304499 	 0.111492
5.000000 	 11.000000 	 1.293403 	 0.065378
5.000000 	 12.000000 	 1.286631 	 0.030187
5.000000 	 13.000000 	 1.284378 	 0.000000
5.000000 	 14.000000 	 1.286631 	 -0.030187
5.000000 	 15.000000 	 1.293403 	 -0.065378
5.000000 	 16.000000 	 1.304499 	 -0.111492
5.000000 	 17.000000 	 1.318621 	 -0.176440
5.000000 	 18.000000 	 1.331187 	 -0.271442
5.000000 	 19.000000 	 1.329811 	 -0.412273
5.000000 	 20.000000 	 1.286707 	 -0.615973
5.000000 	 21.000000 	 1.144548 	 -0.848699
5.000000 	 22.000000 	 0.949103 	 -1.045323
5.000000 	 23.000000 	 0.774436 	 -1.207541
5.000000 	 24.000000 	 0.646703 	 -1.343277
6.000000 	 2.000000 	 0.713305 	 1.512143
6.000000 	 3.000000 	 0.890333 	 1.416506
6.000000 	 4.000000 	 1.153191 	 1.256975
6.000000 	 5.000000 	 1.486199 	 1.020221
6.000000 	 6.000000 	 1.670801 	 0.676198
6.000000 	 7.000000 	 1.593396 	 0.392887
6.000000 	 8.000000 	 1.500203 	 0.240271
6.000000 	 9.000000 	 1.426505 	 0.149230
6.000000 	 10.000000 	 1.375658 	 0.091599
6.000000 	 11.000000 	 1.343537 	 0.052761
6.000000 	 12.000000 	 1.325989 	 0.024127
6.000000 	 13.000000 	 1.320424 	 0.000000
6.000000 	 14.000000 	 1.325989 	 -0.024127
6.000000 	 15.000000 	 1.343537 	 -0.052761
6.000000 	 16.000000 	 1.375658 	 -0.091599
6.000000 	 17.000000 	 1.426505 	 -0.149230
6.000000 	 18.000000 	 1.500203 	 -0.240271
6.000000 	 19.000000 	 1.593396 	 -0.392887
6.000000 	 20.000000 	 1.670801 	 -0.676198
6.000000 	 21.000000 	 1.486199 	 -1.020221
6.000000 	 22.000000 	 1.153191 	 -1.256975
6.000000 	 23.000000 	 0.890333 	 -1.416506
6.000000 	 24.000000 	 0.713305 	 -1.512143
7.000000 	 2.000000 	 0.736807 	 1.739920
7.000000 	 3.000000 	 0.994151 	 1.697545
7.000000 	 4.000000 	 1.420489 	 1.547227
7.000000 	 5.000000 	 2.178570 	 1.246325
7.000000 	 6.000000 	 3.406482 	 0.476531
7.000000 	 7.000000 	 2.565674 	 0.197998
7.000000 	 8.000000 	 2.242614 	 0.111233
7.000000 	 9.000000 	 2.068803 	 0.064850
7.000000 	 10.000000 	 1.969943 	 0.038208
7.000000 	 11.000000 	 1.913644 	 0.021475
7.000000 	 12.000000 	 1.884529 	 0.009695
7.000000 	 13.000000 	 1.875514 	 0.000000
7.000000 	 14.000000 	 1.884529 	 -0.009695
7.000000 	 15.000000 	 1.913644 	 -0.021475
7.000000 	 16.000000 	 1.969943 	 -0.038208
7.000000 	 17.000000 	 2.068803 	 -0.064850
7.000000 	 18.000000 	 2.242614 	 -0.111233
7.000000 	 19.000000 	 2.565674 	 -0.197998
7.000000 	 20.000000 	 3.406482 	 -0.476531
7.000000 	 21.000000 	 2.178570 	 -1.246325
7.000000 	 22.000000 	 1.420489 	 -1.547227
7.000000 	 23.000000 	 0.994151 	 4.585641
7.000000 	 24.000000 	 0.736807 	 4.543266
8.000000 	 2.000000 	 0.705543 	 2.077499
8.000000 	 3.000000 	 1.070100 	 2.109475
8.000000 	 4.000000 	 1.724522 	 2.047272
8.000000 	 5.000000 	 4.148022 	 1.829160
8.000000 	 6.000000 	 2.946374 	 2.034697
8.000000 	 7.000000 	 1.567983 	 3.401389
8.000000 	 8.000000 	 1.645393 	 3.141593
8.000000 	 9.000000 	 1.726098 	 3.141593
8.000000 	 10.000000 	 1.774795 	 3.141593
8.000000 	 11.000000 	 1.803133 	 3.141593
8.000000 	 12.000000 	 1.817882 	 3.141593
8.000000 	 13.000000 	 1.822455 	 3.141593
8.000000 	 14.000000 	 1.817882 	 3.141593
8.000000 	 15.000000 	 1.803133 	 3.141593
8.000000 	 16.000000 	 1.774795 	 3.141593
8.000000 	 17.000000 	 1.726098 	 3.141593
8.000000 	 18.000000 	 1.645393 	 3.141593
8.000000 	 19.000000 	 1.567983 	 2.881797
8.000000 	 20.000000 	 2.946374 	 4.248489
8.000000 	 21.000000 	 4.148022 	 4.454026
8.000000 	 22.000000 	 1.724522 	 4.235913
8.000000 	 23.000000 	 1.070100 	 4.173710
8.000000 	 24.000000 	 0.705543 	 4.205687
9.000000 	 2.000000 	 0.636813 	 2.561897
9.000000 	 3.000000 	 1.080691 	 2.619716
9.000000 	 4.000000 	 1.823229 	 2.628563
9.000000 	 5.000000 	 3.199209 	 2.652759
9.000000 	 6.000000 	 5.827071 	 2.954229
9.000000 	 7.000000 	 5.616368 	 3.108499
9.000000 	 8.000000 	 5.569099 	 3.132395
9.000000 	 9.000000 	 5.548676 	 3.138997
9.000000 	 10.000000 	 5.538455 	 3.140839
9.000000 	 11.000000 	 5.533058 	 3.141366
9.000000 	 12.000000 	 5.530382 	 3.141528
9.000000 	 13.000000 	 5.529568 	 3.141593
9.000000 	 14.000000 	 5.530382 	 3.141658
9.000000 	 15.000000 	 5.533058 	 3.141819
9.000000 	 16.000000 	 5.538455 	 3.142347
9.000000 	 17.000000 	 5.548676 	 3.144189
9.000000 	 18.000000 	 5.569099 	 3.150790
9.000000 	 19.000000 	 5.616368 	 3.174687
9.000000 	 20.000000 	 5.827071 	 3.328957
9.000000 	 21.000000 	 3.199209 	 3.630427
9.000000 	 22.000000 	 1.823229 	 3.654622
9.000000 	 23.000000 	 1.080691 	 3.663469
9.000000 	 24.000000 	 0.636813 	 3.721288
10.000000 	 2.000000 	 0.609019 	 3.170415
10.000000 	 3.000000 	 1.077117 	 3.148398
10.000000 	 4.000000 	 1.801737 	 3.138266
10.000000 	 5.000000 	 2.924733 	 3.135191
10.000000 	 6.000000 	 4.231298 	 3.137228
10.000000 	 7.000000 	 4.794025 	 3.139611
10.000000 	 8.000000 	 4.944809 	 3.140654
10.000000 	 9.000000 	 4.985211 	 3.141147
10.000000 	 10.000000 	 4.996036 	 3.141383
10.000000 	 11.000000 	 4.998933 	 3.141497
10.000000 	 12.000000 	 4.999695 	 3.141556
10.000000 	 13.000000 	 4.999848 	 3.141593
10.000000 	 14.000000 	 4.999695 	 3.141630
10.000000 	 15.000000 	 4.998933 	 3.141688
10.000000 	 16.000000 	 4.996036 	 3.141802
10.000000 	 17.000000 	 4.985211 	 3.142038
10.000000 	 18.000000 	 4.944809 	 3.142531
10.000000 	 19.000000 	 4.794025 	 3.143575
10.000000 	 20.000000 	 4.231298 	 3.145958
10.000000 	 21.000000 	 2.924733 	 3.147994
10.000000 	 22.000000 	 1.801737 	 3.144919
10.000000 	 23.000000 	 1.077117 	 3.134788
10.000000 	 24.000000 	 0.609019 	 3.112770
11.000000 	 2.000000 	 0.672533 	 3.756424
11.000000 	 3.000000 	 1.110532 	 3.666469
11.000000 	 4.000000 	 1.841726 	 3.641175
11.000000 	 5.000000 	 3.190671 	 3.614019
11.000000 	 6.000000 	 5.765958 	 3.322911
11.000000 	 7.000000 	 5.576703 	 3.172250
11.000000 	 8.000000 	 5.536393 	 3.149608
11.000000 	 9.000000 	 5.518479 	 3.143624
11.000000 	 10.000000 	 5.508877 	 3.142080
11.000000 	 11.000000 	 5.503405 	 3.141697
11.000000 	 12.000000 	 5.500522 	 3.141610
11.000000 	 13.000000 	 5.499617 	 3.141593
11.000000 	 14.000000 	 5.500522 	 3.141575
11.000000 	 15.000000 	 5.503405 	 3.141488
11.000000 	 16.000000 	 5.508877 	 3.141105
11.000000 	 17.000000 	 5.518479 	 3.139561
11.000000 	 18.000000 	 5.536393 	 3.133577
11.000000 	 19.000000 	 5.576703 	 3.110935
11.000000 	 20.000000 	 5.765958 	 2.960274
11.000000 	 21.000000 	 3.190671 	 2.669167
11.000000 	 22.000000 	 1.841726 	 2.642010
11.000000 	 23.000000 	 1.110532 	 2.616717
11.000000 	 24.000000 	 0.672533 	 2.526761
12.000000 	 2.000000 	 0.767341 	 4.199903
12.000000 	 3.000000 	 1.122840 	 4.147526
12.000000 	 4.000000 	 1.753593 	 4.198122
12.000000 	 5.000000 	 4.070716 	 4.425470
12.000000 	 6.000000 	 2.927982 	 4.201869
12.000000 	 7.000000 	 1.691287 	 2.908376
12.000000 	 8.000000 	 1.790180 	 3.141593
12.000000 	 9.000000 	 1.882574 	 3.141593
12.000000 	 10.000000 	 1.940224 	 3.141593
12.000000 	 11.000000 	 1.974913 	 3.141593
12.000000 	 12.000000 	 1.993464 	 3.141593
12.000000 	 13.000000 	 1.999303 	 3.141593
12.000000 	 14.000000 	 1.993464 	 3.141593
12.000000 	 15.000000 	 1.974913 	 3.141593
12.000000 	 16.000000 	 1.940224 	 3.141593
12.000000 	 17.000000 	 1.882574 	 3.141593
12.000000 	 18.000000 	 1.790180 	 3.141593
12.000000 	 19.000000 	 1.691287 	 3.374809
12.000000 	 20.000000 	 2.927982 	 2.081316
12.000000 	 21.000000 	 4.070716 	 1.857715
12.000000 	 22.000000 	 1.753593 	 2.085063
12.000000 	 23.000000 	 1.122840 	 2.135660
12.000000 	 24.000000 	 0.767341 	 2.083282
13.000000 	 2.000000 	 0.819260 	 4.498218
13.000000 	 3.000000 	 1.061507 	 4.518680
13.000000 	 4.000000 	 1.450376 	 4.656754
13.000000 	 5.000000 	 2.122861 	 -1.320187
13.000000 	 6.000000 	 3.156250 	 -0.515472
13.000000 	 7.000000 	 2.273753 	 -0.231756
13.000000 	 8.000000 	 1.922381 	 -0.140008
13.000000 	 9.000000 	 1.725231 	 -0.087865
13.000000 	 10.000000 	 1.607932 	 -0.055381
13.000000 	 11.000000 	 1.538271 	 -0.032868
13.000000 	 12.000000 	 1.501059 	 -0.015372
13.000000 	 13.000000 	 1.489333 	 0.000000
13.000000 	 14.000000 	 1.501059 	 0.015372
13.000000 	 15.000000 	 1.538271 	 0.032868
13.000000 	 16.000000 	 1.607932 	 0.055381
13.000000 	 17.000000 	 1.725231 	 0.087865
13.000000 	 18.000000 	 1.922381 	 0.140008
13.000000 	 19.000000 	 2.273753 	 0.231756
13.000000 	 20.000000 	 3.156250 	 0.515472
13.000000 	 21.000000 	 2.122861 	 1.320187
13.000000 	 22.000000 	 1.450376 	 1.626431
13.000000 	 23.000000 	 1.061507 	 1.764505
13.000000 	 24.000000 	 0.819260 	 1.784968
14.000000 	 2.000000 	 0.816811 	 4.685940
14.000000 	 3.000000 	 0.970285 	 -1.531137
14.000000 	 4.000000 	 1.187708 	 -1.386313
14.000000 	 5.000000 	 1.444889 	 -1.148377
14.000000 	 6.000000 	 1.525518 	 -0.795933
14.000000 	 7.000000 	 1.366158 	 -0.500645
14.000000 	 8.000000 	 1.222682 	 -0.332799
14.000000 	 9.000000 	 1.114850 	 -0.224602
14.000000 	 10.000000 	 1.040176 	 -0.148668
14.000000 	 11.000000 	 0.992051 	 -0.090971
14.000000 	 12.000000 	 0.965214 	 -0.043263
14.000000 	 13.000000 	 0.956599 	 0.000000
14.000000 	 14.000000 	 0.965214 	 0.043263
14.000000 	 15.000000 	 0.992051 	 0.090971
14.000000 	 16.000000 	 1.040176 	 0.148668
14.000000 	 17.000000 	 1.114850 	 0.224602
14.000000 	 18.000000 	 1.222682 	 0.332799
14.000000 	 19.000000 	 1.366158 	 0.500645
14.000000 	 20.000000 	 1.525518 	 0.795933
14.000000 	 21.000000 	 1.444889 	 1.148377
14.000000 	 22.000000 	 1.187708 	 1.386313
14.000000 	 23.000000 	 0.970285 	 1.531137
14.000000 	 24.000000 	 0.816811 	 1.597245
15.000000 	 2.000000 	 0.773665 	 -1.477860
15.000000 	 3.000000 	 0.867602 	 -1.383028
15.000000 	 4.000000 	 0.988366 	 -1.239693
15.000000 	 5.000000 	 1.108074 	 -1.043246
15.000000 	 6.000000 	 1.158879 	 -0.799028
15.000000 	 7.000000 	 1.120676 	 -0.576935
15.000000 	 8.000000 	 1.062070 	 -0.412143
15.000000 	 9.000000 	 1.006798 	 -0.290406
15.000000 	 10.000000 	 0.962918 	 -0.197415
15.000000 	 11.000000 	 0.932153 	 -0.122742
15.000000 	 12.000000 	 0.914138 	 -0.058868
15.000000 	 13.000000 	 0.908223 	 0.000000
15.000000 	 14.000000 	 0.914138 	 0.058868
15.000000 	 15.000000 	 0.932153 	 0.122742
15.000000 	 16.000000 	 0.962918 	 0.197415
15.000000 	 17.000000 	 1.006798 	 0.290406
15.000000 	 18.000000 	 1.062070 	 0.412143
15.000000 	 19.000000 	 1.120676 	 0.576935
15.000000 	 20.000000 	 1.158879 	 0.799028
15.000000 	 21.000000 	 1.108074 	 1.043246
15.000000 	 22.000000 	 0.988366 	 1.239693
15.000000 	 23.000000 	 0.867602 	 1.383028
15.000000 	 24.000000 	 0.773665 	 1.477860
16.000000 	 2.000000 	 0.707770 	 -1.398779
16.000000 	 3.000000 	 0.766035 	 -1.284626
16.000000 	 4.000000 	 0.836977 	 -1.142559
16.000000 	 5.000000 	 0.903829 	 -0.972019
16.000000 	 6.000000 	 0.941804 	 -0.781660
16.000000 	 7.000000 	 0.942705 	 -0.601425
16.000000 	 8.000000 	 0.925277 	 -0.450334
16.000000 	 9.000000 	 0.902421 	 -0.327814
16.000000 	 10.000000 	 0.881135 	 -0.227764
16.000000 	 11.000000 	 0.864740 	 -0.143589
16.000000 	 12.000000 	 0.854600 	 -0.069397
16.000000 	 13.000000 	 0.851185 	 0.000000
16.000000 	 14.000000 	 0.854600 	 0.069397
16.000000 	 15.000000 	 0.864740 	 0.143589
16.000000 	 16.000000 	 0.881135 	 0.227764
16.000000 	 17.000000 	 0.902421 	 0.327814
16.000000 	 18.000000 	 0.925277 	 0.450334
16.000000 	 19.000000 	 0.942705 	 0.601425
16.000000 	 20.000000 	 0.941804 	 0.781660
16.000000 	 21.000000 	 0.903829 	 0.972019
16.000000 	 22.000000 	 0.836977 	 1.142559
16.000000 	 23.000000 	 0.766035 	 1.284626
16.000000 	 24.000000 	 0.707770 	 1.398779
17.000000 	 2.000000 	 0.632111 	 -1.342527
17.000000 	 3.000000 	 0.670700 	 -1.213974
17.000000 	 4.000000 	 0.716975 	 -1.071474
17.000000 	 5.000000 	 0.761623 	 -0.915919
17.000000 	 6.000000 	 0.793884 	 -0.753754
17.000000 	 7.000000 	 0.809199 	 -0.598810
17.000000 	 8.000000 	 0.812240 	 -0.461348
17.000000 	 9.000000 	 0.808618 	 -0.343377
17.000000 	 10.000000 	 0.802567 	 -0.242449
17.000000 	 11.000000 	 0.796791 	 -0.154504
17.000000 	 12.000000 	 0.792828 	 -0.075133
17.000000 	 13.000000 	 0.791432 	 0.000000
17.000000 	 14.000000 	 0.792828 	 0.075133
17.000000 	 15.000000 	 0.796791 	 0.154504
17.000000 	 16.000000 	 0.802567 	 0.242449
17.000000 	 17.000000 	 0.808618 	 0.343377
17.000000 	 18.000000 	 0.812240 	 0.461348
17.000000 	 19.000000 	 0.809199 	 0.598810
17.000000 	 20.000000 	 0.793884 	 0.753754
17.000000 	 21.000000 	 0.761623 	 0.915919
17.000000 	 22.000000 	 0.716975 	 1.071474
17.000000 	 23.000000 	 0.670700 	 1.213974
17.000000 	 24.000000 	 0.632111 	 1.342527
18.000000 	 2.000000 	 0.554320 	 -1.297714
18.000000 	 3.000000 	 0.583023 	 -1.156843
18.000000 	 4.000000 	 0.617801 	 -1.012034
18.000000 	 5.000000 	 0.653163 	 -0.864483
18.000000 	 6.000000 	 0.683398 	 -0.718090
18.000000 	 7.000000 	 0.705275 	 -0.579412
18.000000 	 8.000000 	 0.719196 	 -0.453671
18.000000 	 9.000000 	 0.727083 	 -0.342425
18.000000 	 10.000000 	 0.731016 	 -0.244433
18.000000 	 11.000000 	 0.732682 	 -0.156970
18.000000 	 12.000000 	 0.733244 	 -0.076680
18.000000 	 13.000000 	 0.733360 	 0.000000
18.000000 	 14.000000 	 0.733244 	 0.076680
18.000000 	 15.000000 	 0.732682 	 0.156970
18.000000 	 16.000000 	 0.731016 	 0.244433
18.000000 	 17.000000 	 0.727083 	 0.342425
18.000000 	 18.000000 	 0.719196 	 0.453671
18.000000 	 19.000000 	 0.705275 	 0.579412
18.000000 	 20.000000 	 0.683398 	 0.718090
18.000000 	 21.000000 	 0.653163 	 0.864483
18.000000 	 22.000000 	 0.617801 	 1.012034
18.000000 	 23.000000 	 0.583023 	 1.156843
18.000000 	 24.000000 	 0.554320 	 1.297714
19.000000 	 2.000000 	 0.478394 	 -1.256171
19.000000 	 3.000000 	 0.503046 	 -1.103193
19.000000 	 4.000000 	 0.533392 	 -0.954451
19.000000 	 5.000000 	 0.565673 	 -0.810897
19.000000 	 6.000000 	 0.596105 	 -0.674307
19.000000 	 7.000000 	 0.622017 	 -0.547302
19.000000 	 8.000000 	 0.642424 	 -0.431931
19.000000 	 9.000000 	 0.657519 	 -0.328593
19.000000 	 10.000000 	 0.668044 	 -0.236140
19.000000 	 11.000000 	 0.674843 	 -0.152405
19.000000 	 12.000000 	 0.678623 	 -0.074678
19.000000 	 13.000000 	 0.679831 	 0.000000
19.000000 	 14.000000 	 0.678623 	 0.074678
19.000000 	 15.000000 	 0.674843 	 0.152405
19.000000 	 16.000000 	 0.668044 	 0.236140
19.000000 	 17.000000 	 0.657519 	 0.328593
19.000000 	 18.000000 	 0.642424 	 0.431931
19.000000 	 19.000000 	 0.622017 	 0.547302
19.000000 	 20.000000 	 0.596105 	 0.674307
19.000000 	 21.000000 	 0.565673 	 0.810897
19.000000 	 22.000000 	 0.533392 	 0.954451
19.000000 	 23.000000 	 0.503046 	 1.103193
19.000000 	 24.000000 	 0.478394 	 1.256171
20.000000 	 2.000000 	 0.406228 	 -1.210958
20.000000 	 3.000000 	 0.430423 	 -1.044805
20.000000 	 4.000000 	 0.460373 	 -0.891029
20.000000 	 5.000000 	 0.492928 	 -0.749749
20.000000 	 6.000000 	 0.525020 	 -0.620663
20.000000 	 7.000000 	 0.554229 	 -0.503635
20.000000 	 8.000000 	 0.579101 	 -0.398404
20.000000 	 9.000000 	 0.599054 	 -0.304135
20.000000 	 10.000000 	 0.614081 	 -0.219326
20.000000 	 11.000000 	 0.624456 	 -0.141958
20.000000 	 12.000000 	 0.630514 	 -0.069687
20.000000 	 13.000000 	 0.632503 	 0.000000
20.000000 	 14.000000 	 0.630514 	 0.069687
20.000000 	 15.000000 	 0.624456 	 0.141958
20.000000 	 16.000000 	 0.614081 	 0.219326
20.000000 	 17.000000 	 0.599054 	 0.304135
20.000000 	 18.000000 	 0.579101 	 0.398404
20.000000 	 19.000000 	 0.554229 	 0.503635
20.000000 	 20.000000 	 0.525020 	 0.620663
20.000000 	 21.000000 	 0.492928 	 0.749749
20.000000 	 22.000000 	 0.460373 	 0.891029
20.000000 	 23.000000 	 0.430423 	 1.044805
20.000000 	 24.000000 	 0.406228 	 1.210958
21.000000 	 2.000000 	 0.338648 	 -1.154526
21.000000 	 3.000000 	 0.364858 	 -0.973414
21.000000 	 4.000000 	 0.396971 	 -0.814565
21.000000 	 5.000000 	 0.431832 	 -0.676024
21.000000 	 6.000000 	 0.466581 	 -0.554809
21.000000 	 7.000000 	 0.498929 	 -0.448231
21.000000 	 8.000000 	 0.527303 	 -0.354088
21.000000 	 9.000000 	 0.550804 	 -0.270408
21.000000 	 10.000000 	 0.569050 	 -0.195229
21.000000 	 11.000000 	 0.581976 	 -0.126519
21.000000 	 12.000000 	 0.589664 	 -0.062165
21.000000 	 13.000000 	 0.592213 	 0.000000
21.000000 	 14.000000 	 0.589664 	 0.062165
21.000000 	 15.000000 	 0.581976 	 0.126519
21.000000 	 16.000000 	 0.569050 	 0.195229
21.000000 	 17.000000 	 0.550804 	 0.270408
21.000000 	 18.000000 	 0.527303 	 0.354088
21.000000 	 19.000000 	 0.498929 	 0.448231
21.000000 	 20.000000 	 0.466581 	 0.554809
21.000000 	 21.000000 	 0.431832 	 0.676024
21.000000 	 22.000000 	 0.396971 	 0.814565
21.000000 	 23.000000 	 0.364858 	 0.973414
21.000000 	 24.000000 	 0.338648 	 1.154526
22.000000 	 2.000000 	 0.276109 	 -1.076309
22.000000 	 3.000000 	 0.306390 	 -0.878926
22.000000 	 4.000000 	 0.342513 	 -0.717345
22.000000 	 5.000000 	 0.381000 	 -0.584793
22.000000 	 6.000000 	 0.419036 	 -0.474318
22.000000 	 7.000000 	 0.454478 	 -0.380509
22.000000 	 8.000000 	 0.485807 	 -0.299475
22.000000 	 9.000000 	 0.512057 	 -0.228340
22.000000 	 10.000000 	 0.532692 	 -0.164795
22.000000 	 11.000000 	 0.547477 	 -0.106813
22.000000 	 12.000000 	 0.556346 	 -0.052496
22.000000 	 13.000000 	 0.559300 	 0.000000
22.000000 	 14.000000 	 0.556346 	 0.052496
22.000000 	 15.000000 	 0.547477 	 0.106813
22.000000 	 16.000000 	 0.532692 	 0.164795
22.000000 	 17.000000 	 0.512057 	 0.228340
22.000000 	 18.000000 	 0.485807 	 0.299475
22.000000 	 19.000000 	 0.454478 	 0.380509
22.000000 	 20.000000 	 0.419036 	 0.474318
22.000000 	 21.000000 	 0.381000 	 0.584793
22.000000 	 22.000000 	 0.342513 	 0.717345
22.000000 	 23.000000 	 0.306390 	 0.878926
22.000000 	 24.000000 	 0.276109 	 1.076309
23.000000 	 2.000000 	 0.219317 	 -0.958532
23.000000 	 3.000000 	 0.255730 	 -0.747686
23.000000 	 4.000000 	 0.297272 	 -0.590963
23.000000 	 5.000000 	 0.340147 	 -0.471628
23.000000 	 6.000000 	 0.381710 	 -0.377366
23.000000 	 7.000000 	 0.420073 	 -0.300221
23.000000 	 8.000000 	 0.453903 	 -0.235151
23.000000 	 9.000000 	 0.482305 	 -0.178838
23.000000 	 10.000000 	 0.504726 	 -0.128914
23.000000 	 11.000000 	 0.520865 	 -0.083518
23.000000 	 12.000000 	 0.530583 	 -0.041041
23.000000 	 13.000000 	 0.533826 	 0.000000
23.000000 	 14.000000 	 0.530583 	 0.041041
23.000000 	 15.000000 	 0.520865 	 0.083518
23.000000 	 16.000000 	 0.504726 	 0.128914
23.000000 	 17.000000 	 0.482305 	 0.178838
23.000000 	 18.000000 	 0.453903 	 0.235151
23.000000 	 19.000000 	 0.420073 	 0.300221
23.000000 	 20.000000 	 0.381710 	 0.377366
23.000000 	 21.000000 	 0.340147 	 0.471628
23.000000 	 22.000000 	 0.297272 	 0.590963
23.000000 	 23.000000 	 0.255730 	 0.747686
23.000000 	 24.000000 	 0.219317 	 0.958532
24.000000 	 2.000000 	 0.170178 	 -0.768745
24.000000 	 3.000000 	 0.214758 	 -0.562243
24.000000 	 4.000000 	 0.262460 	 -0.427964
24.000000 	 5.000000 	 0.309782 	 -0.334042
24.000000 	 6.000000 	 0.354596 	 -0.263744
24.000000 	 7.000000 	 0.395434 	 -0.208158
24.000000 	 8.000000 	 0.431230 	 -0.162279
24.000000 	 9.000000 	 0.461225 	 -0.123092
24.000000 	 10.000000 	 0.484916 	 -0.088607
24.000000 	 11.000000 	 0.501995 	 -0.057366
24.000000 	 12.000000 	 0.512293 	 -0.028182
24.000000 	 13.000000 	 0.515733 	 0.000000
24.000000 	 14.000000 	 0.512293 	 0.028182
24.000000 	 15.000000 	 0.501995 	 0.057366
24.000000 	 16.000000 	 0.484916 	 0.088607
24.000000 	 17.000000 	 0.461225 	 0.123092
24.000000 	 18.000000 	 0.431230 	 0.162279
24.000000 	 19.000000 	 0.395434 	 0.208158
24.000000 	 20.000000 	 0.354596 	 0.263744
24.000000 	 21.000000 	 0.309782 	 0.334042
24.000000 	 22.000000 	 0.262460 	 0.427964
24.000000 	 23.000000 	 0.214758 	 0.562243
24.000000 	 24.000000 	 0.170178 	 0.768745
